EngagementID,ContentID,ContentType,Likes,EngagementDate,CampaignID,ProductID,Views,Clicks
1,29,VIDEO,104,06/11/2025,19,7,3075,627
2,40,NEWSLETTER,93,03/07/2025,10,5,1535,301
3,41,BLOG,151,22/03/2025,15,20,2630,522
4,5,BLOG,12,25/01/2024,8,20,542,110
5,38,NEWSLETTER,3,23/04/2024,10,16,125,24
6,18,VIDEO,7,20/06/2023,9,11,3812,744
7,37,BLOG,70,09/08/2023,10,13,1144,238
8,1,NEWSLETTER,250,18/04/2023,16,13,6561,1263
9,13,SOCIALMEDIA,16,28/06/2023,10,11,298,62
10,8,NEWSLETTER,97,26/07/2023,1,2,7667,1563
11,36,NEWSLETTER,56,08/11/2025,7,5,6918,1378
12,27,NEWSLETTER,9,06/07/2024,19,10,371,69
13,39,BLOG,164,27/10/2023,7,15,4281,771
14,19,VIDEO,93,02/06/2023,3,7,4031,727
15,40,VIDEO,63,17/09/2025,19,5,6375,1182
16,15,NEWSLETTER,88,24/01/2024,6,18,3270,655
17,31,BLOG,11,08/04/2023,4,4,684,133
18,48,VIDEO,308,11/05/2025,20,16,4857,950
19,5,NEWSLETTER,76,08/09/2025,18,20,1264,238
20,14,BLOG,46,05/07/2024,14,15,4130,750
21,24,NEWSLETTER,264,11/01/2025,5,15,5472,1092
22,38,NEWSLETTER,399,13/03/2023,1,16,5906,1187
23,2,BLOG,12,18/05/2023,10,11,2288,480
24,35,SOCIALMEDIA,175,02/04/2023,5,11,5814,1061
25,5,VIDEO,5,20/10/2025,19,1,6314,1208
26,5,BLOG,269,25/08/2023,9,14,5459,1046
27,38,VIDEO,18,05/08/2025,18,3,8548,1731
28,39,BLOG,385,15/02/2023,8,4,8196,1667
29,32,SOCIALMEDIA,173,23/01/2025,10,5,3368,658
30,22,VIDEO,116,09/05/2024,11,13,4155,772
31,49,NEWSLETTER,45,26/02/2025,8,19,5235,975
32,23,BLOG,35,12/05/2023,9,6,1898,367
33,14,VIDEO,410,30/11/2025,16,11,7463,1415
34,18,BLOG,201,29/07/2024,19,12,5113,1019
35,42,NEWSLETTER,40,20/07/2025,7,1,4414,825
36,4,BLOG,18,12/08/2023,18,12,1327,266
37,31,SOCIALMEDIA,11,23/01/2023,16,18,642,119
38,23,NEWSLETTER,186,03/04/2024,3,14,6406,1178
39,41,BLOG,77,26/10/2025,11,15,5398,1077
40,47,BLOG,278,11/05/2024,13,3,5126,1005
41,21,SOCIALMEDIA,30,02/02/2023,12,17,1406,254
42,27,SOCIALMEDIA,87,28/02/2023,7,3,7077,1443
43,22,NEWSLETTER,260,01/11/2023,17,17,7261,1512
44,45,BLOG,193,18/06/2025,17,18,4804,984
45,11,SOCIALMEDIA,350,19/02/2025,20,7,5038,1035
46,34,SOCIALMEDIA,2,16/10/2025,7,14,8830,1619
47,25,BLOG,360,01/04/2023,17,13,8962,1828
48,32,BLOG,487,08/12/2023,3,18,7569,1456
49,26,SOCIALMEDIA,309,27/08/2025,16,5,5615,1083
50,31,SOCIALMEDIA,4,28/01/2024,14,20,531,110
51,50,BLOG,5,02/02/2024,5,8,243,48
52,23,NEWSLETTER,92,18/10/2025,4,16,2061,423
53,46,NEWSLETTER,356,22/12/2025,14,1,6206,1234
54,40,NEWSLETTER,309,23/02/2024,18,7,8727,1627
55,38,NEWSLETTER,73,12/12/2024,6,11,5210,1077
56,50,NEWSLETTER,9,02/10/2023,8,5,1494,280
57,27,NEWSLETTER,82,04/04/2025,1,4,3342,658
58,24,BLOG,108,01/11/2025,11,17,3146,642
59,2,BLOG,18,20/11/2025,19,16,2451,455
60,12,NEWSLETTER,75,15/07/2023,19,2,2252,469
61,49,BLOG,118,11/03/2025,15,14,8492,1618
62,24,BLOG,337,25/03/2023,7,6,6733,1303
63,26,NEWSLETTER,1,05/12/2023,4,17,302,57
64,46,VIDEO,103,27/01/2024,17,19,5636,1150
65,8,NEWSLETTER,332,30/09/2023,11,18,6109,1240
66,26,NEWSLETTER,3,14/01/2024,3,11,4992,968
67,23,BLOG,142,13/07/2024,10,11,3589,717
68,35,BLOG,139,20/11/2025,16,7,2009,407
69,2,BLOG,24,10/08/2023,8,9,7318,1405
70,13,VIDEO,181,21/07/2023,9,9,4566,945
71,33,VIDEO,49,24/07/2023,15,3,789,151
72,25,VIDEO,33,11/10/2025,18,20,1009,194
73,19,VIDEO,86,01/10/2024,12,17,4731,920
74,19,SOCIALMEDIA,21,29/01/2023,8,19,750,149
75,44,VIDEO,304,07/10/2024,13,2,5280,962
76,28,VIDEO,87,14/05/2024,2,17,1663,346
77,30,NEWSLETTER,95,24/08/2023,2,20,6884,1333
78,4,SOCIALMEDIA,196,13/11/2023,4,12,7305,1345
79,39,SOCIALMEDIA,122,09/05/2025,12,17,2294,478
80,16,VIDEO,238,27/10/2025,10,17,5934,1117
81,47,NEWSLETTER,183,24/07/2024,8,7,4128,805
82,13,BLOG,180,05/05/2023,1,9,4301,829
83,7,NEWSLETTER,116,23/07/2024,3,3,2685,527
84,24,VIDEO,51,26/12/2024,7,11,5681,1106
85,5,BLOG,43,12/03/2024,15,14,4278,820
86,10,SOCIALMEDIA,35,12/01/2024,14,12,1639,317
87,35,BLOG,2,19/09/2025,15,10,202,36
88,43,BLOG,74,14/09/2024,16,11,4685,967
89,43,SOCIALMEDIA,250,29/08/2023,11,15,4624,893
90,20,VIDEO,217,29/03/2024,13,17,4118,751
91,2,SOCIALMEDIA,84,21/03/2025,19,13,3244,655
92,25,NEWSLETTER,152,30/12/2023,6,3,7494,1546
93,2,NEWSLETTER,233,29/04/2023,18,6,4897,1023
94,28,BLOG,260,17/09/2024,18,3,5530,1008
95,21,BLOG,140,22/10/2023,4,14,4071,819
96,34,SOCIALMEDIA,190,18/03/2025,12,11,5505,1101
97,35,BLOG,6,05/04/2023,14,12,113,23
98,30,BLOG,463,11/01/2025,1,4,6957,1445
99,16,NEWSLETTER,120,08/02/2025,6,11,3398,651
100,18,BLOG,33,23/09/2024,4,10,2597,527
101,4,VIDEO,42,12/09/2025,2,11,1830,340
102,38,NEWSLETTER,224,24/08/2025,20,17,3719,718
103,26,NEWSLETTER,164,08/09/2025,9,16,6646,1378
104,36,BLOG,210,28/03/2024,13,2,3612,752
105,25,SOCIALMEDIA,102,01/05/2024,1,16,6137,1187
106,27,NEWSLETTER,252,18/11/2023,11,5,4300,891
107,9,SOCIALMEDIA,153,30/12/2025,2,5,2971,534
108,10,NEWSLETTER,267,21/12/2024,9,20,8699,1591
109,30,BLOG,192,02/11/2025,10,1,3126,601
110,6,VIDEO,558,18/03/2023,18,14,8662,1687
111,20,SOCIALMEDIA,247,10/04/2025,3,18,5058,1061
112,5,SOCIALMEDIA,423,15/10/2023,4,13,7615,1541
113,8,VIDEO,153,11/02/2025,16,8,4858,956
114,1,NEWSLETTER,601,08/11/2023,10,13,8893,1800
115,49,VIDEO,24,28/06/2023,9,7,3325,636
116,20,SOCIALMEDIA,56,20/08/2025,11,15,6315,1154
117,7,NEWSLETTER,194,03/01/2024,6,7,6640,1202
118,46,BLOG,108,09/04/2024,2,6,2083,402
119,22,VIDEO,399,12/10/2023,7,5,6373,1239
120,40,BLOG,172,31/03/2025,20,11,4064,812
121,2,SOCIALMEDIA,176,22/01/2024,11,10,7279,1333
122,33,SOCIALMEDIA,269,30/07/2023,20,6,4209,854
123,36,NEWSLETTER,124,21/10/2025,17,5,3296,690
124,46,NEWSLETTER,86,24/02/2023,7,3,2282,427
125,45,SOCIALMEDIA,249,07/07/2023,12,9,7636,1576
126,47,NEWSLETTER,202,11/05/2023,18,9,2811,582
127,22,NEWSLETTER,102,08/01/2023,10,12,3996,810
128,11,NEWSLETTER,426,06/06/2023,15,2,6659,1234
129,43,NEWSLETTER,8,20/02/2025,20,19,317,58
130,3,NEWSLETTER,225,02/03/2025,4,19,6697,1240
131,17,NEWSLETTER,80,11/11/2024,2,2,2421,465
132,7,VIDEO,231,22/04/2025,20,19,6717,1360
133,30,VIDEO,299,29/08/2023,19,4,8667,1645
134,27,BLOG,301,22/04/2023,10,20,7147,1443
135,49,SOCIALMEDIA,421,23/05/2023,8,4,7372,1380
136,4,VIDEO,235,04/08/2023,17,8,8978,1698
137,16,BLOG,133,25/01/2025,18,14,2739,511
138,37,BLOG,86,21/07/2023,17,5,2078,429
139,30,BLOG,153,14/05/2024,10,1,5370,994
140,29,VIDEO,24,31/12/2024,19,8,801,151
141,21,SOCIALMEDIA,191,17/10/2025,5,16,3433,638
142,45,BLOG,17,08/10/2024,12,16,312,57
143,36,NEWSLETTER,96,28/04/2024,7,2,1788,338
144,18,VIDEO,97,04/10/2023,11,15,6852,1249
145,20,BLOG,78,07/02/2024,9,6,3907,762
146,18,SOCIALMEDIA,167,09/12/2025,4,19,8502,1588
147,12,NEWSLETTER,46,29/09/2023,3,15,1299,250
148,34,BLOG,43,05/08/2024,18,9,6987,1426
149,19,NEWSLETTER,30,03/01/2024,9,18,522,96
150,3,VIDEO,37,26/02/2025,1,16,1036,192
151,42,SOCIALMEDIA,278,17/09/2025,2,17,4825,941
152,44,NEWSLETTER,207,05/12/2023,4,20,7186,1344
153,50,SOCIALMEDIA,339,28/04/2024,9,16,8965,1673
154,32,SOCIALMEDIA,96,19/02/2024,20,2,7396,1524
155,10,BLOG,440,13/10/2025,14,17,7286,1469
156,2,BLOG,14,31/12/2023,19,18,3948,784
157,28,BLOG,155,05/10/2024,20,17,4387,890
158,42,NEWSLETTER,477,05/06/2024,8,6,8190,1643
159,30,BLOG,241,20/04/2025,15,12,3594,722
160,9,VIDEO,23,03/10/2023,5,15,8597,1739
161,16,VIDEO,313,17/10/2023,3,13,4933,957
162,3,NEWSLETTER,23,02/06/2024,4,18,4009,771
163,15,SOCIALMEDIA,26,21/11/2024,20,7,700,129
164,4,SOCIALMEDIA,185,30/12/2023,15,13,3545,678
165,14,VIDEO,74,19/05/2024,6,18,2734,531
166,39,VIDEO,44,25/08/2025,15,16,3025,622
167,25,VIDEO,163,07/04/2023,9,12,4547,903
168,48,SOCIALMEDIA,16,15/03/2025,19,7,4451,814
169,47,SOCIALMEDIA,171,08/05/2024,4,1,5327,1092
170,25,SOCIALMEDIA,220,29/11/2025,2,10,6504,1289
171,13,NEWSLETTER,166,19/09/2023,2,7,5166,993
172,45,NEWSLETTER,82,17/06/2024,11,15,6226,1148
173,18,VIDEO,112,07/10/2023,13,17,5876,1097
174,23,NEWSLETTER,16,25/03/2023,1,16,236,48
175,20,BLOG,71,24/12/2024,4,12,3893,792
176,28,BLOG,131,06/10/2025,2,16,6330,1316
177,46,SOCIALMEDIA,195,21/11/2023,13,7,7836,1591
178,46,NEWSLETTER,43,10/07/2023,11,14,2520,489
179,36,SOCIALMEDIA,398,17/02/2023,13,4,6018,1247
180,18,BLOG,483,11/10/2025,19,10,7733,1558
181,5,BLOG,216,11/12/2024,11,12,4921,924
182,12,VIDEO,160,30/11/2024,12,1,3597,730
183,40,VIDEO,73,01/05/2025,3,9,1169,239
184,25,VIDEO,164,06/10/2023,17,9,5106,994
185,2,NEWSLETTER,70,30/01/2024,9,8,4279,857
186,1,VIDEO,52,05/05/2024,18,16,1345,267
187,45,SOCIALMEDIA,77,10/12/2024,4,1,5184,1058
188,26,NEWSLETTER,169,26/11/2023,6,11,8088,1651
189,27,SOCIALMEDIA,195,29/12/2025,16,8,4134,789
190,33,NEWSLETTER,69,21/05/2023,4,10,1897,389
191,44,VIDEO,128,29/11/2023,20,14,7946,1443
192,33,VIDEO,154,30/05/2024,12,11,3057,580
193,37,NEWSLETTER,39,11/05/2025,5,20,4456,909
194,25,SOCIALMEDIA,39,14/01/2024,1,16,2241,421
195,17,VIDEO,27,12/10/2023,2,6,1989,409
196,23,BLOG,34,06/11/2024,1,18,7964,1474
197,29,SOCIALMEDIA,67,13/03/2025,20,14,2376,497
198,45,NEWSLETTER,116,01/08/2024,5,15,2918,598
199,17,VIDEO,13,04/09/2023,5,11,365,68
200,18,VIDEO,285,21/10/2024,8,3,7950,1478
201,36,BLOG,28,12/05/2023,1,10,1334,240
202,9,NEWSLETTER,164,18/09/2025,2,14,5807,1185
203,4,NEWSLETTER,344,31/05/2024,9,7,4814,991
204,29,BLOG,37,24/02/2023,6,18,1996,399
205,2,SOCIALMEDIA,81,19/11/2025,15,1,3492,635
206,50,SOCIALMEDIA,481,10/10/2025,13,10,8756,1793
207,50,BLOG,3,03/04/2025,14,9,434,78
208,21,VIDEO,188,26/01/2025,17,9,6024,1197
209,20,SOCIALMEDIA,216,20/10/2024,20,4,4385,833
210,14,BLOG,23,25/09/2023,18,10,3424,634
211,10,SOCIALMEDIA,0,09/01/2024,14,1,204,39
212,7,SOCIALMEDIA,198,24/02/2024,1,6,5307,965
213,38,SOCIALMEDIA,425,27/08/2025,8,16,6738,1370
214,18,BLOG,4,09/03/2025,11,6,5902,1155
215,47,VIDEO,352,24/04/2023,7,20,5695,1176
216,41,VIDEO,211,22/08/2023,4,15,7196,1438
217,25,NEWSLETTER,270,29/03/2023,17,2,8704,1730
218,38,BLOG,596,22/04/2023,11,5,8847,1716
219,48,SOCIALMEDIA,8,18/08/2025,18,13,909,187
220,32,BLOG,119,18/01/2024,5,4,1757,343
221,5,NEWSLETTER,209,02/12/2024,9,17,5764,1116
222,28,NEWSLETTER,97,26/07/2024,8,3,1807,355
223,32,NEWSLETTER,12,14/10/2025,2,18,1126,229
224,24,NEWSLETTER,30,14/11/2024,2,12,3647,747
225,12,VIDEO,22,11/08/2025,16,3,1496,313
226,41,SOCIALMEDIA,133,08/02/2024,18,14,6246,1127
227,21,SOCIALMEDIA,80,03/03/2024,7,6,2147,397
228,3,NEWSLETTER,3,26/08/2023,9,12,5907,1117
229,5,NEWSLETTER,135,07/01/2025,10,14,3329,613
230,28,SOCIALMEDIA,144,17/04/2025,9,15,2241,437
231,23,VIDEO,265,05/10/2025,19,4,4717,866
232,6,VIDEO,212,04/09/2025,13,7,6833,1353
233,5,SOCIALMEDIA,136,13/11/2024,10,19,7273,1452
234,43,BLOG,356,16/05/2024,1,14,6191,1138
235,17,VIDEO,12,24/07/2024,11,4,1759,345
236,14,BLOG,340,03/02/2023,12,1,5683,1191
237,2,NEWSLETTER,250,29/05/2023,12,6,7665,1495
238,42,BLOG,186,12/02/2023,13,14,3817,761
239,4,BLOG,197,01/04/2025,7,17,3481,678
240,33,VIDEO,284,21/06/2023,1,6,4201,839
241,31,BLOG,416,17/08/2025,5,1,6127,1260
242,2,BLOG,499,25/04/2025,18,18,8793,1839
243,7,SOCIALMEDIA,22,13/09/2023,3,19,3947,725
244,33,SOCIALMEDIA,459,23/12/2024,8,8,6831,1325
245,38,VIDEO,63,03/08/2023,15,5,1759,359
246,10,NEWSLETTER,200,01/09/2023,14,1,3800,701
247,48,VIDEO,17,25/08/2024,17,20,517,99
248,35,BLOG,26,02/05/2025,10,3,3566,669
249,27,SOCIALMEDIA,58,22/02/2024,18,5,8257,1715
250,41,SOCIALMEDIA,46,12/06/2024,8,12,1433,276
251,23,VIDEO,22,12/07/2025,4,2,5147,1055
252,34,VIDEO,3,22/10/2024,13,8,1675,337
253,24,VIDEO,7,30/11/2025,17,16,196,37
254,7,BLOG,91,01/01/2025,8,12,6093,1250
255,49,BLOG,207,12/01/2024,16,4,8507,1724
256,6,NEWSLETTER,242,07/07/2024,14,12,6641,1213
257,7,BLOG,31,06/04/2024,9,11,583,110
258,19,SOCIALMEDIA,90,01/10/2025,2,13,1422,279
259,41,BLOG,4,09/03/2024,19,18,141,28
260,22,BLOG,299,20/06/2023,15,5,6240,1264
261,8,VIDEO,53,27/05/2023,4,12,1905,383
262,45,BLOG,539,18/07/2023,14,11,8837,1627
263,10,SOCIALMEDIA,285,14/04/2025,2,14,6235,1159
264,32,VIDEO,104,05/03/2025,17,16,1774,348
265,50,SOCIALMEDIA,310,31/01/2023,12,6,5780,1105
266,44,VIDEO,164,04/08/2025,12,19,2472,480
267,21,BLOG,235,29/09/2025,8,9,5798,1170
268,17,BLOG,33,12/02/2025,8,7,7139,1479
269,12,VIDEO,97,22/07/2025,13,16,1975,369
270,7,SOCIALMEDIA,60,04/11/2023,2,12,2664,523
271,10,VIDEO,33,11/09/2024,4,8,2608,486
272,35,SOCIALMEDIA,187,01/12/2023,7,19,2809,581
273,45,SOCIALMEDIA,100,12/08/2023,10,20,4387,804
274,12,SOCIALMEDIA,10,23/08/2024,10,9,2205,414
275,2,SOCIALMEDIA,104,08/11/2025,5,13,2673,547
276,9,BLOG,121,30/11/2023,18,19,4307,814
277,50,SOCIALMEDIA,88,23/04/2024,16,15,6119,1164
278,41,SOCIALMEDIA,118,15/12/2024,8,3,1856,366
279,48,BLOG,47,06/01/2023,4,19,2011,373
280,23,NEWSLETTER,462,20/05/2023,5,1,6821,1344
281,44,BLOG,373,15/12/2025,6,3,8679,1743
282,13,BLOG,2,13/10/2023,16,7,1339,268
283,36,BLOG,240,06/09/2024,9,11,3644,732
284,35,NEWSLETTER,32,11/02/2023,20,16,5230,1087
285,34,NEWSLETTER,8,12/08/2023,4,10,4978,1038
286,3,NEWSLETTER,3,30/11/2025,19,3,61,11
287,14,VIDEO,3,14/04/2025,12,11,3643,693
288,50,NEWSLETTER,318,08/04/2023,19,12,8669,1748
289,23,VIDEO,54,25/04/2024,14,6,3340,616
290,31,NEWSLETTER,171,14/01/2024,8,20,4313,853
291,37,BLOG,252,28/09/2024,8,3,4989,974
292,14,BLOG,12,09/07/2023,3,17,4054,783
293,36,NEWSLETTER,196,31/12/2024,3,3,6393,1342
294,43,NEWSLETTER,64,28/02/2024,13,10,1166,226
295,1,BLOG,73,09/03/2023,13,3,7010,1454
296,14,NEWSLETTER,23,08/04/2024,11,11,2320,482
297,46,SOCIALMEDIA,206,30/01/2024,8,5,3932,811
298,43,VIDEO,12,01/02/2025,4,9,2449,509
299,12,SOCIALMEDIA,42,11/04/2023,4,10,5313,985
300,34,VIDEO,215,20/06/2024,3,3,3702,668
301,49,NEWSLETTER,296,07/11/2024,19,4,4873,947
302,39,VIDEO,96,27/09/2025,15,2,3175,585
303,44,BLOG,52,31/03/2025,18,2,4666,862
304,48,NEWSLETTER,36,19/02/2023,8,14,8228,1632
305,2,NEWSLETTER,40,01/02/2023,6,10,730,138
306,36,SOCIALMEDIA,48,26/08/2025,9,20,5245,970
307,38,VIDEO,496,31/07/2025,9,11,8102,1515
308,43,NEWSLETTER,65,08/11/2025,18,10,2851,593
309,36,VIDEO,3,26/11/2024,10,4,102,19
310,32,VIDEO,257,04/01/2023,16,13,4458,869
311,37,VIDEO,72,04/07/2023,11,16,7943,1444
312,2,SOCIALMEDIA,77,25/06/2025,2,3,4641,946
313,26,BLOG,27,04/02/2024,17,4,7032,1340
314,5,VIDEO,524,07/11/2023,10,11,8291,1617
315,42,NEWSLETTER,207,02/07/2025,10,5,4093,834
316,20,NEWSLETTER,1,01/09/2025,10,8,774,160
317,33,SOCIALMEDIA,34,29/03/2025,3,6,1842,345
318,25,SOCIALMEDIA,99,16/01/2024,20,9,2102,425
319,28,VIDEO,279,06/01/2023,19,9,8139,1621
320,25,SOCIALMEDIA,153,16/02/2023,6,16,3797,709
321,8,NEWSLETTER,8,02/06/2025,11,15,4520,907
322,18,BLOG,191,03/11/2024,2,1,4810,942
323,20,VIDEO,120,13/11/2024,4,9,3613,706
324,3,BLOG,254,13/04/2023,16,17,4142,781
325,24,NEWSLETTER,126,01/11/2024,13,3,5617,1019
326,34,VIDEO,37,13/04/2025,8,16,1345,247
327,44,VIDEO,7,21/10/2025,9,19,8916,1717
328,6,NEWSLETTER,57,27/04/2023,20,5,3058,601
329,47,SOCIALMEDIA,7,26/03/2023,2,15,1045,201
330,31,NEWSLETTER,3,25/04/2023,18,3,84,15
331,29,NEWSLETTER,114,17/10/2025,19,8,6653,1360
332,40,VIDEO,122,28/06/2023,19,5,4067,738
333,2,VIDEO,28,11/03/2025,15,20,1780,331
334,48,VIDEO,265,08/10/2024,4,11,5033,909
335,47,VIDEO,30,27/03/2025,7,9,605,123
336,29,NEWSLETTER,296,13/06/2025,7,15,7179,1360
337,27,SOCIALMEDIA,355,02/07/2023,15,16,7499,1498
338,33,VIDEO,254,03/06/2023,8,10,3797,765
339,42,VIDEO,97,11/03/2024,10,8,1444,283
340,22,VIDEO,104,02/05/2025,12,14,4301,785
341,26,SOCIALMEDIA,53,07/06/2025,2,16,895,183
342,26,BLOG,364,26/11/2024,12,19,7884,1478
343,36,VIDEO,195,18/11/2023,1,5,5370,1097
344,2,SOCIALMEDIA,218,03/12/2024,17,16,5408,1000
345,32,VIDEO,30,10/05/2025,5,4,839,162
346,29,BLOG,44,23/12/2024,14,2,1284,231
347,11,SOCIALMEDIA,209,17/02/2025,9,5,5922,1168
348,35,SOCIALMEDIA,6,08/04/2025,5,10,4141,771
349,6,BLOG,298,27/01/2024,9,1,8063,1465
350,43,SOCIALMEDIA,310,08/03/2024,20,12,5319,1011
351,14,VIDEO,318,04/10/2024,1,15,4660,923
352,15,NEWSLETTER,92,16/10/2024,5,11,7259,1499
353,12,NEWSLETTER,81,28/12/2024,20,12,3590,729
354,15,VIDEO,43,02/05/2023,8,16,821,168
355,50,BLOG,203,25/10/2024,2,19,5834,1183
356,35,VIDEO,8,28/07/2023,14,1,2940,578
357,10,SOCIALMEDIA,9,15/08/2025,10,8,386,73
358,16,SOCIALMEDIA,236,18/06/2024,1,1,6017,1139
359,18,NEWSLETTER,298,29/11/2023,4,16,8434,1566
360,49,VIDEO,114,21/10/2025,8,14,6439,1228
361,29,NEWSLETTER,326,15/02/2023,10,10,6466,1170
362,40,VIDEO,399,04/12/2025,7,12,7632,1532
363,30,BLOG,50,23/10/2025,18,8,3239,590
364,22,VIDEO,542,26/09/2024,2,10,8517,1624
365,35,BLOG,477,31/10/2023,13,4,7384,1453
366,28,BLOG,61,21/12/2023,3,15,4019,804
367,29,SOCIALMEDIA,59,06/02/2023,1,8,3561,705
368,20,SOCIALMEDIA,224,07/12/2025,4,6,4346,806
369,15,NEWSLETTER,172,05/12/2024,2,5,3355,667
370,31,SOCIALMEDIA,0,13/01/2024,11,4,159,33
371,37,SOCIALMEDIA,452,31/05/2024,13,6,6855,1335
372,16,SOCIALMEDIA,64,14/02/2024,3,3,4174,774
373,19,BLOG,4,23/02/2025,11,16,165,29
374,25,BLOG,20,02/06/2024,2,4,507,96
375,36,SOCIALMEDIA,2,31/10/2023,19,20,3005,559
376,43,NEWSLETTER,87,24/01/2024,16,2,1329,260
377,9,NEWSLETTER,334,16/08/2025,8,14,6205,1255
378,47,BLOG,168,18/05/2023,5,9,2709,537
379,16,VIDEO,359,27/06/2023,2,5,5656,1120
380,3,BLOG,95,10/08/2024,6,7,7427,1361
381,41,NEWSLETTER,247,12/12/2023,18,13,6763,1247
382,33,BLOG,1,12/01/2023,16,10,701,146
383,22,BLOG,45,14/03/2025,10,18,4735,985
384,25,SOCIALMEDIA,76,09/08/2023,2,9,4711,889
385,7,NEWSLETTER,15,16/03/2025,11,9,1896,372
386,27,SOCIALMEDIA,46,22/07/2024,8,16,4466,932
387,26,VIDEO,139,04/07/2023,5,2,7165,1424
388,21,VIDEO,142,02/07/2024,15,1,4351,807
389,39,NEWSLETTER,45,22/06/2024,7,13,5611,1133
390,45,BLOG,38,03/11/2024,9,16,8357,1664
391,46,NEWSLETTER,256,31/12/2023,15,16,6946,1306
392,16,SOCIALMEDIA,120,06/08/2025,18,20,2539,526
393,13,NEWSLETTER,267,28/11/2023,2,14,6832,1402
394,13,SOCIALMEDIA,27,30/04/2023,12,4,635,116
395,17,SOCIALMEDIA,1,22/07/2025,12,4,989,197
396,15,BLOG,54,27/11/2023,3,6,8758,1667
397,45,SOCIALMEDIA,194,02/02/2025,12,14,3995,822
398,21,SOCIALMEDIA,105,08/08/2024,14,15,3513,633
399,17,VIDEO,36,09/11/2025,6,17,4411,801
400,39,SOCIALMEDIA,218,18/07/2023,10,3,7515,1489
401,18,VIDEO,44,18/09/2025,13,16,5904,1077
402,45,VIDEO,16,12/06/2023,5,15,2493,491
403,15,NEWSLETTER,97,27/08/2024,10,12,6338,1309
404,1,BLOG,155,16/09/2025,5,5,2709,498
405,48,BLOG,468,13/11/2023,7,11,7355,1364
406,19,BLOG,123,22/10/2023,14,3,1838,361
407,22,VIDEO,60,27/02/2024,2,20,2974,577
408,27,NEWSLETTER,167,31/05/2023,14,6,7550,1498
409,47,VIDEO,535,29/10/2025,8,5,8486,1769
410,16,NEWSLETTER,103,24/11/2025,11,6,4351,882
411,27,NEWSLETTER,25,09/05/2023,4,17,1616,302
412,27,VIDEO,87,22/09/2025,12,7,6094,1111
413,39,NEWSLETTER,457,04/07/2023,17,20,8551,1696
414,39,VIDEO,97,29/04/2024,12,14,6048,1111
415,30,SOCIALMEDIA,19,03/07/2024,5,10,6375,1277
416,25,SOCIALMEDIA,304,26/07/2023,6,10,6248,1243
417,41,BLOG,40,05/06/2024,16,8,1596,329
418,31,NEWSLETTER,319,19/05/2025,9,10,7908,1430
419,50,SOCIALMEDIA,349,28/01/2024,1,4,6920,1261
420,39,BLOG,18,17/07/2025,15,20,8042,1524
421,27,VIDEO,107,12/06/2024,5,12,2072,380
422,6,NEWSLETTER,31,19/07/2023,17,3,2978,572
423,21,SOCIALMEDIA,156,10/06/2023,15,2,7799,1434
424,8,NEWSLETTER,68,21/12/2025,14,17,7338,1341
425,4,NEWSLETTER,285,22/08/2023,15,5,7674,1420
426,41,SOCIALMEDIA,51,15/11/2024,14,1,8116,1594
427,14,BLOG,296,01/07/2024,19,6,6817,1294
428,28,VIDEO,73,10/06/2024,2,15,1798,353
429,37,VIDEO,549,13/03/2024,13,6,7850,1607
430,12,VIDEO,168,03/03/2024,4,12,2745,529
431,6,BLOG,223,19/09/2023,12,3,4001,754
432,35,SOCIALMEDIA,220,24/07/2025,1,15,6115,1246
433,46,SOCIALMEDIA,208,25/10/2023,5,2,8664,1660
434,3,BLOG,33,04/04/2024,12,1,1389,263
435,20,NEWSLETTER,2,20/02/2025,11,6,3069,562
436,49,NEWSLETTER,318,20/06/2023,7,7,6249,1183
437,48,SOCIALMEDIA,81,14/07/2025,16,12,1509,292
438,17,BLOG,67,03/12/2024,17,4,2853,586
439,15,BLOG,308,11/09/2024,15,3,5276,981
440,33,BLOG,35,28/08/2024,10,10,6911,1326
441,27,BLOG,190,17/05/2024,13,20,5627,1086
442,50,BLOG,183,24/04/2025,9,18,4833,927
443,19,SOCIALMEDIA,53,23/07/2025,2,11,8101,1651
444,40,BLOG,101,30/08/2024,10,6,1932,361
445,39,BLOG,81,28/02/2023,12,1,7320,1435
446,27,BLOG,227,07/10/2025,4,12,6377,1291
447,45,NEWSLETTER,585,07/09/2024,15,18,8655,1691
448,4,BLOG,2,30/08/2025,5,13,169,35
449,37,SOCIALMEDIA,100,28/09/2025,4,10,7118,1282
450,47,VIDEO,32,17/07/2024,3,14,7613,1537
451,45,BLOG,209,24/06/2025,16,8,5590,1034
452,25,VIDEO,176,01/07/2025,5,9,8263,1514
453,27,VIDEO,349,10/06/2025,5,20,5153,1072
454,34,NEWSLETTER,192,15/05/2024,7,15,7950,1575
455,19,SOCIALMEDIA,242,09/02/2023,5,3,3481,729
456,3,NEWSLETTER,133,11/05/2024,4,3,4364,857
457,18,VIDEO,419,20/12/2024,17,9,8653,1713
458,48,NEWSLETTER,30,11/06/2024,7,6,3757,760
459,3,VIDEO,3,15/11/2024,19,3,1015,184
460,47,VIDEO,306,04/07/2025,7,11,7178,1371
461,5,VIDEO,115,09/04/2025,15,7,2507,485
462,36,BLOG,234,08/01/2023,13,8,3765,693
463,45,NEWSLETTER,124,12/02/2023,20,6,5074,1006
464,22,BLOG,431,21/04/2023,18,2,7698,1525
465,30,VIDEO,246,15/12/2023,20,12,6003,1091
466,21,VIDEO,211,10/02/2024,2,20,3485,675
467,26,BLOG,27,29/10/2024,12,2,6519,1235
468,7,SOCIALMEDIA,454,19/03/2025,4,3,8402,1618
469,22,NEWSLETTER,102,23/12/2025,10,8,5365,967
470,45,SOCIALMEDIA,110,27/09/2025,17,20,4408,885
471,27,SOCIALMEDIA,15,01/10/2023,10,13,955,181
472,7,NEWSLETTER,476,11/08/2023,20,15,7644,1406
473,33,SOCIALMEDIA,6,20/06/2025,13,3,423,79
474,20,VIDEO,231,25/05/2025,11,18,3478,718
475,17,SOCIALMEDIA,78,04/06/2023,16,4,8447,1760
476,46,BLOG,361,05/05/2023,16,15,8165,1476
477,3,BLOG,350,27/08/2023,11,6,6841,1298
478,38,NEWSLETTER,97,21/11/2025,17,9,4754,953
479,6,VIDEO,92,24/02/2024,7,1,1692,353
480,50,VIDEO,366,25/08/2025,6,2,5523,1097
481,19,SOCIALMEDIA,28,23/06/2023,8,1,2461,505
482,38,VIDEO,193,23/01/2025,18,11,5070,1038
483,7,VIDEO,378,29/12/2024,20,20,8482,1539
484,15,SOCIALMEDIA,88,20/02/2024,8,10,2606,508
485,7,NEWSLETTER,67,06/10/2025,2,12,3591,653
486,3,BLOG,58,18/06/2023,12,2,3387,705
487,43,NEWSLETTER,6,05/01/2025,18,10,969,178
488,48,SOCIALMEDIA,123,13/09/2023,8,19,6492,1329
489,35,VIDEO,104,08/05/2024,15,5,8006,1494
490,31,SOCIALMEDIA,261,03/07/2023,17,12,6876,1415
491,4,VIDEO,71,09/03/2025,8,6,1077,217
492,14,BLOG,247,16/09/2023,16,3,5725,1168
493,31,VIDEO,36,30/01/2023,5,10,2239,404
494,39,NEWSLETTER,12,14/09/2024,15,5,6600,1285
495,11,VIDEO,165,06/10/2025,7,11,5708,1061
496,30,VIDEO,488,05/10/2023,10,9,7113,1444
497,19,NEWSLETTER,70,11/09/2024,20,18,1091,228
498,37,NEWSLETTER,422,31/12/2025,3,12,7612,1596
499,31,NEWSLETTER,30,24/06/2023,13,15,8319,1607
500,8,VIDEO,89,28/07/2025,3,5,2015,393
501,7,NEWSLETTER,80,08/06/2023,20,3,7344,1443
502,18,BLOG,109,14/02/2024,12,14,1621,332
503,38,BLOG,356,21/11/2023,2,7,5697,1095
504,14,VIDEO,27,10/03/2024,1,14,519,94
505,26,NEWSLETTER,228,01/02/2023,12,19,5681,1064
506,48,SOCIALMEDIA,245,15/08/2024,9,7,4279,865
507,14,SOCIALMEDIA,279,24/02/2023,9,2,5137,1037
508,38,NEWSLETTER,80,17/05/2023,4,7,2376,491
509,13,SOCIALMEDIA,163,21/12/2023,20,19,4030,800
510,21,BLOG,43,04/08/2024,8,13,2772,558
511,2,NEWSLETTER,202,29/08/2023,14,5,4885,955
512,36,BLOG,148,18/12/2023,18,18,3916,739
513,20,BLOG,292,13/02/2023,19,13,8542,1775
514,40,BLOG,0,11/04/2024,9,7,172,31
515,34,NEWSLETTER,72,10/09/2025,16,20,2357,445
516,45,NEWSLETTER,235,25/07/2023,19,10,4461,876
517,19,SOCIALMEDIA,30,04/06/2025,16,18,3084,588
518,33,VIDEO,51,24/11/2024,20,6,6351,1226
519,21,NEWSLETTER,234,22/09/2025,20,18,5974,1194
520,6,BLOG,158,10/09/2025,16,6,6466,1263
521,11,BLOG,162,29/12/2023,6,6,8521,1590
522,42,VIDEO,474,14/02/2024,15,3,7584,1586
523,24,VIDEO,1,22/08/2023,20,18,7774,1589
524,37,VIDEO,336,21/01/2024,20,9,5640,1107
525,3,NEWSLETTER,37,06/12/2024,10,16,2661,514
526,15,VIDEO,507,07/07/2024,15,20,7806,1553
527,12,NEWSLETTER,220,17/11/2024,12,9,7167,1443
528,44,SOCIALMEDIA,252,25/06/2024,13,15,6498,1247
529,34,VIDEO,12,24/04/2024,5,7,1563,298
530,34,BLOG,2,02/03/2023,6,16,1775,364
531,11,SOCIALMEDIA,515,20/04/2023,13,11,7813,1521
532,42,NEWSLETTER,97,07/08/2023,2,20,3981,773
533,47,BLOG,162,25/05/2025,16,8,3330,615
534,32,SOCIALMEDIA,84,29/04/2023,3,20,4004,727
535,26,BLOG,38,23/01/2023,19,9,577,109
536,30,NEWSLETTER,13,30/12/2023,9,3,1737,357
537,3,BLOG,237,23/06/2024,19,15,5420,999
538,36,NEWSLETTER,211,11/02/2024,14,17,4117,743
539,9,BLOG,260,01/04/2024,6,20,4194,790
540,28,VIDEO,185,21/01/2023,16,13,4372,803
541,21,VIDEO,149,21/05/2023,17,12,6460,1205
542,31,SOCIALMEDIA,5,29/10/2023,15,19,4204,867
543,21,VIDEO,72,20/05/2025,17,12,1770,344
544,49,SOCIALMEDIA,162,09/09/2025,3,12,2605,513
545,26,NEWSLETTER,4,20/02/2023,5,18,5005,956
546,47,VIDEO,114,16/12/2023,2,18,7725,1406
547,50,NEWSLETTER,39,06/11/2025,1,19,3084,603
548,5,NEWSLETTER,325,10/12/2025,20,16,7591,1461
549,38,VIDEO,201,03/08/2025,18,12,3325,696
550,50,NEWSLETTER,43,29/07/2023,3,10,4116,819
551,28,SOCIALMEDIA,3,05/05/2024,6,10,160,33
552,21,VIDEO,203,29/05/2025,19,1,6719,1299
553,42,SOCIALMEDIA,138,02/03/2024,9,14,3860,759
554,24,SOCIALMEDIA,145,23/07/2024,16,18,2295,418
555,5,SOCIALMEDIA,281,14/11/2023,3,10,5740,1194
556,40,NEWSLETTER,401,13/07/2023,13,8,8173,1552
557,43,NEWSLETTER,178,09/06/2024,2,19,6927,1346
558,5,NEWSLETTER,19,21/08/2024,18,3,6081,1218
559,22,VIDEO,136,25/02/2024,17,5,4428,830
560,30,BLOG,5,07/05/2025,5,9,3176,582
561,34,VIDEO,123,04/04/2025,5,20,6191,1236
562,23,NEWSLETTER,16,05/06/2025,13,6,1509,304
563,25,SOCIALMEDIA,61,18/05/2024,11,10,5978,1119
564,43,BLOG,106,25/12/2024,9,6,7061,1466
565,7,VIDEO,13,25/02/2025,15,14,2811,555
566,24,SOCIALMEDIA,0,06/01/2025,1,16,1269,258
567,47,BLOG,42,15/06/2023,5,11,3901,782
568,37,VIDEO,88,10/07/2024,17,10,5498,1047
569,35,BLOG,22,11/10/2025,3,20,873,173
570,15,NEWSLETTER,25,10/08/2024,4,12,477,95
571,11,BLOG,26,19/09/2025,3,18,2345,469
572,28,SOCIALMEDIA,402,31/07/2024,1,2,6431,1194
573,42,VIDEO,174,13/11/2023,3,15,4356,914
574,47,SOCIALMEDIA,95,31/10/2023,16,4,2865,596
575,44,BLOG,125,25/08/2024,19,4,6447,1253
576,21,SOCIALMEDIA,14,14/03/2025,15,1,6042,1098
577,20,BLOG,390,03/08/2023,19,14,6751,1234
578,29,NEWSLETTER,438,29/09/2025,14,8,8669,1778
579,48,NEWSLETTER,323,08/11/2024,17,17,6400,1225
580,29,BLOG,91,17/08/2025,6,9,2506,515
581,45,VIDEO,134,03/04/2023,20,16,4763,930
582,12,SOCIALMEDIA,81,19/10/2025,17,2,6441,1285
583,7,NEWSLETTER,92,19/12/2023,15,7,2766,535
584,11,SOCIALMEDIA,72,03/05/2023,7,9,6985,1451
585,8,VIDEO,61,23/09/2024,3,10,1453,294
586,8,NEWSLETTER,15,31/08/2024,6,2,3009,599
587,24,BLOG,93,21/03/2023,13,14,2064,424
588,15,SOCIALMEDIA,86,27/02/2025,7,13,7929,1429
589,21,BLOG,36,26/11/2023,13,8,7229,1359
590,6,SOCIALMEDIA,491,24/06/2023,19,19,7371,1437
591,30,VIDEO,143,03/01/2024,11,19,7229,1505
592,32,SOCIALMEDIA,103,01/09/2024,20,15,8669,1757
593,43,VIDEO,5,16/07/2024,12,10,1402,265
594,43,NEWSLETTER,287,29/07/2024,15,1,4916,955
595,41,BLOG,136,12/07/2025,14,2,3554,642
596,39,BLOG,180,17/06/2025,17,3,5038,926
597,37,VIDEO,129,21/01/2025,16,19,4574,849
598,24,NEWSLETTER,126,01/11/2025,13,17,4960,1010
599,18,SOCIALMEDIA,106,10/10/2023,5,6,1597,319
600,49,VIDEO,224,05/02/2025,11,2,4018,736
601,20,BLOG,230,20/09/2024,13,18,3517,680
602,6,SOCIALMEDIA,220,28/04/2023,10,1,5593,1022
603,41,BLOG,170,27/06/2023,15,6,8744,1667
604,8,BLOG,64,03/09/2025,19,6,2391,472
605,26,SOCIALMEDIA,60,10/04/2023,13,4,2013,366
606,27,NEWSLETTER,230,18/03/2024,13,5,5784,1177
607,24,BLOG,28,08/09/2025,3,3,6986,1388
608,38,VIDEO,7,02/03/2025,15,5,288,58
609,21,NEWSLETTER,187,07/11/2025,18,19,3537,689
610,26,BLOG,273,08/07/2025,5,6,6598,1245
611,7,VIDEO,41,20/04/2025,3,15,3027,632
612,12,SOCIALMEDIA,1,20/10/2023,19,8,75,14
613,2,NEWSLETTER,320,11/03/2024,10,20,8343,1658
614,15,VIDEO,30,21/09/2025,3,9,991,186
615,42,NEWSLETTER,4,27/10/2023,15,17,143,27
616,12,SOCIALMEDIA,4,13/05/2024,16,1,131,25
617,15,VIDEO,140,20/10/2025,15,12,5626,1143
618,48,NEWSLETTER,3,21/12/2023,14,14,1912,360
619,31,VIDEO,379,09/12/2025,4,12,7769,1571
620,39,VIDEO,128,20/01/2025,17,10,3937,731
621,20,NEWSLETTER,213,19/01/2025,16,1,5285,984
622,26,VIDEO,43,19/08/2025,12,4,6447,1348
623,40,VIDEO,277,27/11/2023,17,17,4338,909
624,28,SOCIALMEDIA,35,25/08/2025,3,7,659,123
625,50,NEWSLETTER,5,21/09/2025,6,8,1541,280
626,9,BLOG,289,24/08/2024,17,10,5055,1047
627,34,BLOG,292,17/09/2024,9,17,4639,876
628,19,SOCIALMEDIA,45,22/10/2024,12,5,1035,188
629,14,BLOG,77,10/03/2023,9,12,1398,274
630,2,SOCIALMEDIA,341,04/10/2025,17,2,8367,1526
631,10,NEWSLETTER,17,16/03/2023,8,19,4883,975
632,13,BLOG,29,18/10/2024,3,3,1057,200
633,22,NEWSLETTER,101,01/06/2023,1,3,2128,415
634,13,NEWSLETTER,125,09/10/2023,8,15,3519,642
635,15,BLOG,30,29/12/2024,1,14,2120,388
636,31,BLOG,72,29/08/2023,20,13,2156,393
637,4,SOCIALMEDIA,153,11/12/2025,18,15,6602,1254
638,14,NEWSLETTER,14,22/01/2025,2,7,521,96
639,42,VIDEO,135,28/03/2024,16,7,4235,867
640,17,BLOG,40,18/07/2025,7,9,1825,344
641,13,SOCIALMEDIA,193,23/02/2025,2,7,3952,812
642,49,NEWSLETTER,111,22/01/2023,5,2,3126,563
643,25,NEWSLETTER,117,05/02/2023,2,1,5565,1032
644,21,SOCIALMEDIA,13,19/09/2023,1,19,3496,672
645,39,SOCIALMEDIA,24,07/09/2024,15,11,3662,741
646,9,SOCIALMEDIA,104,28/12/2024,3,19,3770,738
647,8,VIDEO,31,02/01/2024,17,8,693,145
648,3,NEWSLETTER,199,04/09/2024,1,10,5211,1058
649,32,BLOG,93,05/01/2023,13,20,4115,762
650,21,BLOG,37,05/01/2023,14,16,2215,402
651,50,SOCIALMEDIA,119,12/04/2025,14,19,2121,413
652,22,VIDEO,51,07/06/2024,17,3,4343,852
653,38,NEWSLETTER,293,16/09/2025,12,16,7348,1481
654,25,SOCIALMEDIA,35,20/01/2025,8,3,2292,461
655,2,BLOG,419,23/06/2024,11,19,7230,1508
656,8,VIDEO,21,17/02/2025,15,11,1562,322
657,27,BLOG,248,17/10/2025,19,19,3541,727
658,47,VIDEO,522,06/07/2023,14,2,8064,1633
659,10,SOCIALMEDIA,205,13/05/2024,3,2,8847,1647
660,5,NEWSLETTER,57,19/11/2023,15,2,1349,270
661,32,NEWSLETTER,30,21/05/2024,14,9,958,192
662,21,SOCIALMEDIA,5,04/06/2025,10,17,1618,304
663,22,NEWSLETTER,129,13/12/2025,4,8,5252,971
664,48,VIDEO,178,18/03/2023,13,18,4501,922
665,15,BLOG,293,02/06/2023,20,15,4860,960
666,45,SOCIALMEDIA,136,19/02/2025,3,13,5744,1142
667,6,SOCIALMEDIA,0,17/04/2024,20,12,4278,886
668,14,BLOG,32,27/01/2025,6,15,3048,632
669,19,NEWSLETTER,1,18/01/2025,20,1,526,105
670,34,VIDEO,113,13/09/2023,16,18,6169,1182
671,19,NEWSLETTER,70,04/11/2024,3,16,1968,406
672,39,NEWSLETTER,23,11/04/2025,7,17,711,128
673,3,BLOG,268,05/09/2023,2,12,7836,1428
674,2,BLOG,51,07/04/2024,5,18,3355,604
675,48,NEWSLETTER,91,17/03/2025,17,11,1377,278
676,3,BLOG,19,21/06/2025,19,2,466,87
677,48,SOCIALMEDIA,0,02/09/2025,14,8,159,30
678,6,BLOG,147,18/08/2023,11,10,3431,639
679,42,BLOG,443,22/08/2023,10,13,6931,1453
680,34,VIDEO,181,01/12/2025,3,11,2626,549
681,48,NEWSLETTER,71,16/01/2024,12,6,2588,543
682,11,VIDEO,272,10/10/2025,1,4,7046,1416
683,6,VIDEO,225,23/04/2025,8,4,5295,1051
684,4,BLOG,275,08/05/2023,11,13,6830,1413
685,31,VIDEO,61,15/03/2023,15,6,1146,214
686,2,SOCIALMEDIA,52,22/08/2025,13,4,6383,1267
687,15,NEWSLETTER,47,01/01/2025,14,14,1200,219
688,43,VIDEO,34,08/08/2025,11,13,8562,1662
689,25,NEWSLETTER,93,10/10/2023,1,9,3323,692
690,31,VIDEO,329,25/01/2025,6,13,8273,1672
691,41,NEWSLETTER,6,29/02/2024,14,18,3430,698
692,37,VIDEO,23,10/07/2025,10,8,2758,538
693,24,VIDEO,211,28/09/2025,13,1,7437,1510
694,22,BLOG,449,23/11/2024,6,17,6761,1386
695,33,SOCIALMEDIA,469,01/01/2023,2,7,8171,1602
696,9,VIDEO,60,19/12/2024,17,5,1903,376
697,46,VIDEO,586,11/01/2023,9,1,8772,1722
698,2,SOCIALMEDIA,90,06/10/2025,11,18,2195,437
699,49,VIDEO,307,28/01/2025,18,18,4455,890
700,22,BLOG,537,23/02/2023,20,13,8423,1686
701,5,VIDEO,338,02/10/2024,18,7,8954,1696
702,23,NEWSLETTER,195,13/10/2025,12,18,4181,805
703,33,VIDEO,315,09/06/2024,16,15,6394,1164
704,7,BLOG,32,09/11/2025,9,14,1694,313
705,17,NEWSLETTER,36,18/07/2025,19,12,685,136
706,26,VIDEO,3,28/06/2023,7,1,749,154
707,34,NEWSLETTER,30,24/09/2023,20,15,5728,1081
708,35,SOCIALMEDIA,399,13/11/2025,6,20,7799,1585
709,46,VIDEO,4,11/07/2024,4,16,1387,252
710,6,NEWSLETTER,107,15/08/2024,18,16,7727,1507
711,23,SOCIALMEDIA,456,11/01/2025,6,11,7729,1421
712,29,SOCIALMEDIA,71,03/04/2023,8,10,1784,359
713,4,NEWSLETTER,103,18/04/2024,15,1,3915,761
714,15,BLOG,127,15/06/2024,6,12,8691,1784
715,1,VIDEO,506,13/04/2023,6,12,8538,1567
716,10,BLOG,174,05/08/2023,7,4,6320,1195
717,27,NEWSLETTER,28,11/09/2024,18,2,2188,398
718,35,VIDEO,193,28/07/2025,1,9,6178,1220
719,20,VIDEO,32,21/11/2025,13,7,563,109
720,49,NEWSLETTER,363,18/09/2023,17,4,5950,1231
721,16,NEWSLETTER,334,20/03/2023,9,16,5006,1043
722,28,BLOG,161,01/03/2024,9,11,3298,639
723,28,SOCIALMEDIA,183,31/08/2023,18,9,5348,1009
724,1,BLOG,59,24/07/2025,19,5,6322,1226
725,23,BLOG,319,07/08/2023,2,8,6109,1234
726,23,SOCIALMEDIA,379,29/06/2023,8,19,8779,1658
727,36,VIDEO,5,09/03/2024,16,19,4636,965
728,22,SOCIALMEDIA,1,05/06/2024,6,5,236,48
729,2,NEWSLETTER,263,06/08/2024,17,14,4189,825
730,39,VIDEO,109,07/11/2025,17,10,1690,319
731,41,BLOG,428,02/12/2025,14,1,7182,1353
732,31,NEWSLETTER,353,02/06/2025,18,18,5558,1072
733,37,SOCIALMEDIA,404,25/07/2025,1,9,7338,1518
734,17,SOCIALMEDIA,88,25/02/2023,13,4,4931,934
735,36,SOCIALMEDIA,31,08/03/2023,10,16,8764,1588
736,12,NEWSLETTER,71,07/01/2025,17,17,2023,380
737,42,NEWSLETTER,87,08/06/2024,18,19,1449,285
738,31,VIDEO,483,11/04/2025,18,19,8745,1734
739,28,BLOG,158,12/02/2023,13,1,3016,617
740,50,BLOG,122,03/11/2023,4,13,2465,485
741,49,VIDEO,4,20/12/2025,7,7,5370,1052
742,26,BLOG,377,08/05/2023,4,1,8833,1659
743,49,NEWSLETTER,150,26/08/2023,8,4,6216,1278
744,10,SOCIALMEDIA,280,07/02/2024,12,11,7900,1464
745,29,BLOG,9,23/08/2023,11,18,1038,194
746,44,NEWSLETTER,106,10/12/2023,16,17,7804,1512
747,9,VIDEO,185,02/04/2025,18,18,5012,1022
748,19,VIDEO,195,29/06/2024,3,2,3565,685
749,25,BLOG,16,29/03/2023,15,4,991,189
750,40,SOCIALMEDIA,85,03/02/2023,5,17,1696,318
751,22,SOCIALMEDIA,142,30/05/2024,7,14,4363,904
752,35,SOCIALMEDIA,443,05/04/2024,13,6,8154,1490
753,47,SOCIALMEDIA,352,14/04/2025,2,5,7082,1361
754,45,NEWSLETTER,181,06/03/2023,11,16,5414,994
755,49,NEWSLETTER,239,28/07/2023,1,11,5802,1189
756,38,SOCIALMEDIA,124,15/11/2023,14,1,1938,388
757,11,NEWSLETTER,307,14/11/2023,1,17,6650,1380
758,15,BLOG,17,25/08/2025,18,15,4075,804
759,24,VIDEO,75,09/02/2025,7,2,2975,568
760,15,VIDEO,54,23/01/2025,1,8,1965,402
761,48,SOCIALMEDIA,187,16/03/2023,9,4,4326,802
762,28,BLOG,55,31/07/2024,10,1,4566,950
763,14,SOCIALMEDIA,5,18/10/2024,7,17,140,26
764,21,SOCIALMEDIA,44,28/08/2023,6,14,4203,802
765,42,SOCIALMEDIA,467,07/11/2025,17,11,8656,1804
766,35,BLOG,364,07/03/2025,15,20,5254,1073
767,33,SOCIALMEDIA,416,25/01/2024,17,18,6676,1379
768,50,BLOG,13,12/11/2024,11,10,5441,1043
769,18,SOCIALMEDIA,153,25/04/2025,11,3,2504,460
770,36,SOCIALMEDIA,67,09/06/2025,15,12,5617,1092
771,48,NEWSLETTER,3,06/12/2023,18,2,8603,1767
772,36,BLOG,8,10/02/2023,6,2,2454,502
773,34,VIDEO,103,17/02/2025,10,5,3834,805
774,14,SOCIALMEDIA,9,24/03/2024,2,2,1153,210
775,12,SOCIALMEDIA,28,04/11/2023,7,15,5940,1114
776,10,NEWSLETTER,491,23/10/2025,19,2,7993,1648
777,25,SOCIALMEDIA,204,09/06/2024,17,16,3266,657
778,41,NEWSLETTER,2,08/12/2023,7,12,1509,291
779,48,SOCIALMEDIA,24,27/03/2024,9,7,1262,258
780,22,VIDEO,81,31/12/2024,16,17,3448,641
781,10,NEWSLETTER,102,30/08/2025,5,14,1916,367
782,24,NEWSLETTER,16,01/07/2025,16,17,578,114
783,30,NEWSLETTER,227,29/12/2023,2,5,4922,995
784,19,SOCIALMEDIA,120,02/03/2025,18,20,2223,460
785,26,SOCIALMEDIA,32,26/12/2023,4,12,1194,229
786,13,BLOG,0,30/12/2024,4,7,553,113
787,34,BLOG,34,25/09/2023,4,3,511,105
788,28,BLOG,254,11/05/2023,13,17,4169,784
789,13,BLOG,67,29/01/2023,20,11,4906,913
790,32,NEWSLETTER,130,10/04/2025,2,7,5288,1060
791,7,BLOG,189,29/06/2023,18,15,2890,551
792,48,VIDEO,328,09/08/2025,20,6,5940,1213
793,30,BLOG,10,09/07/2024,16,15,622,124
794,3,SOCIALMEDIA,71,11/12/2025,1,9,2798,533
795,17,VIDEO,38,30/09/2023,4,14,2897,524
796,12,BLOG,105,08/12/2025,19,1,1499,304
797,18,BLOG,234,25/02/2024,6,9,3830,695
798,45,NEWSLETTER,60,09/06/2024,2,17,2160,396
799,2,NEWSLETTER,100,16/08/2023,9,7,1556,296
800,11,VIDEO,18,26/12/2025,2,17,1197,230
801,47,BLOG,25,04/09/2024,9,11,2393,452
802,21,VIDEO,62,28/08/2025,12,14,3808,773
803,35,SOCIALMEDIA,217,08/07/2024,9,3,4093,745
804,49,BLOG,64,19/01/2024,10,17,5352,1039
805,40,NEWSLETTER,10,05/01/2024,13,9,7421,1493
806,2,VIDEO,24,03/02/2023,4,10,533,108
807,39,SOCIALMEDIA,296,29/04/2023,20,5,5342,1093
808,42,NEWSLETTER,1,19/01/2023,6,12,255,49
809,47,BLOG,4,10/11/2024,7,15,3958,737
810,11,BLOG,316,09/06/2024,12,3,4457,911
811,13,NEWSLETTER,23,16/08/2023,15,1,8247,1505
812,21,NEWSLETTER,23,23/07/2025,3,4,339,69
813,16,SOCIALMEDIA,71,05/11/2023,11,13,2279,444
814,45,SOCIALMEDIA,201,21/02/2024,6,16,6990,1315
815,38,NEWSLETTER,201,25/05/2025,2,6,3763,686
816,18,NEWSLETTER,241,04/12/2025,19,16,6080,1137
817,3,NEWSLETTER,73,21/10/2024,14,8,3068,625
818,1,VIDEO,33,13/08/2024,15,13,6285,1252
819,12,SOCIALMEDIA,149,22/04/2024,2,1,2676,511
820,23,VIDEO,382,05/01/2024,7,7,6468,1354
821,2,BLOG,164,19/07/2025,16,18,2644,486
822,30,VIDEO,283,04/05/2024,18,6,7911,1490
823,17,SOCIALMEDIA,45,15/08/2023,6,3,1491,287
824,9,VIDEO,20,27/01/2023,13,10,761,143
825,22,VIDEO,92,06/09/2024,3,10,2906,546
826,27,BLOG,28,21/09/2023,2,18,948,188
827,45,SOCIALMEDIA,137,12/10/2025,16,10,4689,913
828,20,VIDEO,80,10/05/2024,19,16,2332,470
829,17,NEWSLETTER,14,22/01/2023,17,10,8688,1698
830,25,BLOG,340,14/08/2023,16,12,8739,1602
831,29,SOCIALMEDIA,328,10/11/2025,4,5,6270,1163
832,48,BLOG,60,16/01/2024,12,6,8974,1637
833,31,NEWSLETTER,318,22/01/2025,6,18,7089,1312
834,44,VIDEO,183,23/01/2025,16,11,3947,789
835,40,VIDEO,366,13/01/2023,12,16,6366,1285
836,15,BLOG,65,10/05/2024,7,11,3612,684
837,23,SOCIALMEDIA,181,01/04/2023,12,1,4933,1035
838,50,SOCIALMEDIA,26,14/09/2024,18,1,6592,1197
839,33,BLOG,402,06/01/2025,3,6,6803,1329
840,35,NEWSLETTER,59,07/07/2025,8,17,2459,468
841,39,VIDEO,149,23/04/2025,9,8,2257,456
842,16,SOCIALMEDIA,4,18/02/2024,14,2,1570,288
843,1,NEWSLETTER,111,14/03/2024,16,2,2147,428
844,18,BLOG,0,21/02/2023,4,9,2171,412
845,23,SOCIALMEDIA,291,23/10/2025,6,18,6961,1409
846,5,VIDEO,97,20/02/2024,12,16,6753,1413
847,21,VIDEO,28,28/01/2025,13,16,7920,1646
848,43,NEWSLETTER,5,10/03/2025,10,1,431,83
849,23,SOCIALMEDIA,42,26/11/2025,13,13,1075,215
850,17,NEWSLETTER,158,04/03/2025,1,12,7016,1473
851,28,VIDEO,13,29/06/2023,16,17,4745,933
852,25,VIDEO,154,06/02/2023,15,20,2714,549
853,3,SOCIALMEDIA,259,20/02/2024,1,14,5560,1115
854,35,NEWSLETTER,155,16/11/2023,2,16,4354,792
855,47,BLOG,82,13/06/2025,20,11,7824,1578
856,2,SOCIALMEDIA,163,26/07/2025,18,7,7175,1358
857,43,BLOG,24,15/05/2024,1,2,2027,416
858,18,BLOG,55,18/05/2025,8,15,2132,439
859,32,VIDEO,45,06/05/2025,5,17,2080,432
860,47,BLOG,340,20/03/2024,9,8,8019,1676
861,1,VIDEO,4,05/01/2025,8,6,97,17
862,26,NEWSLETTER,175,29/08/2025,13,10,6601,1256
863,42,SOCIALMEDIA,239,23/12/2023,4,5,7332,1331
864,10,BLOG,171,04/03/2024,6,11,5196,943
865,26,SOCIALMEDIA,77,15/11/2025,16,17,4067,785
866,8,BLOG,144,30/11/2024,1,2,3296,655
867,25,BLOG,251,11/07/2024,3,9,4793,894
868,1,NEWSLETTER,452,10/03/2023,9,19,7481,1423
869,13,SOCIALMEDIA,342,05/07/2024,2,3,8088,1524
870,10,NEWSLETTER,7,18/10/2025,6,1,205,37
871,43,SOCIALMEDIA,294,30/04/2025,18,20,4491,904
872,36,NEWSLETTER,35,09/02/2024,18,3,8714,1778
873,3,VIDEO,400,22/08/2025,20,15,7115,1309
874,30,NEWSLETTER,37,09/03/2023,18,18,2023,377
875,17,BLOG,216,22/02/2023,8,7,4507,921
876,20,SOCIALMEDIA,20,30/12/2025,20,18,536,101
877,23,NEWSLETTER,65,23/02/2025,18,12,1161,214
878,4,NEWSLETTER,97,19/05/2023,3,6,2886,582
879,5,VIDEO,83,25/04/2025,3,12,6806,1274
880,40,NEWSLETTER,239,31/03/2024,19,20,8671,1640
881,40,VIDEO,265,26/12/2025,6,9,6835,1357
882,41,BLOG,287,17/04/2023,19,2,8347,1671
883,40,SOCIALMEDIA,102,31/05/2024,4,7,3799,755
884,20,VIDEO,22,18/01/2024,1,16,2604,481
885,48,BLOG,55,28/05/2023,14,3,1049,204
886,45,SOCIALMEDIA,476,22/10/2025,18,20,8154,1690
887,45,VIDEO,98,07/04/2023,7,4,1853,382
888,50,NEWSLETTER,307,21/09/2025,1,6,7696,1463
889,25,NEWSLETTER,324,22/11/2024,17,12,8149,1635
890,28,VIDEO,273,18/12/2024,1,4,6367,1241
891,6,VIDEO,78,13/12/2024,6,18,7705,1478
892,17,VIDEO,232,31/03/2025,18,18,5331,997
893,48,BLOG,13,01/02/2025,16,10,8415,1744
894,10,VIDEO,118,05/08/2025,16,17,3088,595
895,13,VIDEO,509,18/02/2023,2,7,7658,1457
896,48,BLOG,48,21/10/2023,7,12,4605,947
897,16,SOCIALMEDIA,46,12/01/2023,11,10,7493,1374
898,27,SOCIALMEDIA,172,12/05/2024,9,7,6068,1224
899,50,NEWSLETTER,79,06/06/2023,12,10,2010,389
900,5,VIDEO,154,19/05/2024,18,3,2671,541
901,37,SOCIALMEDIA,187,07/06/2024,16,1,3715,681
902,29,BLOG,67,26/03/2024,9,16,3134,585
903,40,SOCIALMEDIA,300,14/04/2023,20,9,5369,1069
904,24,SOCIALMEDIA,131,13/10/2024,17,6,2399,462
905,13,BLOG,248,21/01/2024,18,16,5163,1035
906,47,NEWSLETTER,409,23/04/2023,9,1,8359,1555
907,15,BLOG,100,18/03/2023,6,18,4925,987
908,13,SOCIALMEDIA,249,15/08/2025,17,11,3923,721
909,22,VIDEO,209,25/11/2024,10,20,3788,688
910,7,SOCIALMEDIA,65,18/01/2024,1,19,1060,222
911,2,NEWSLETTER,63,25/06/2025,16,3,1031,212
912,12,SOCIALMEDIA,23,01/04/2024,3,13,426,79
913,28,BLOG,5,02/11/2024,5,17,113,21
914,32,BLOG,315,06/01/2023,2,5,7012,1360
915,39,SOCIALMEDIA,109,09/03/2024,5,17,1542,323
916,15,VIDEO,359,05/01/2025,10,13,6334,1310
917,39,VIDEO,3,26/03/2023,16,8,1272,237
918,23,SOCIALMEDIA,109,10/01/2025,11,8,1601,324
919,21,BLOG,188,20/04/2025,19,4,5624,1110
920,50,SOCIALMEDIA,36,29/01/2024,13,5,1911,394
921,27,VIDEO,510,05/08/2024,15,3,8215,1568
922,25,VIDEO,72,27/09/2025,17,1,1938,349
923,50,SOCIALMEDIA,125,13/01/2025,11,5,2026,400
924,34,NEWSLETTER,103,28/11/2023,15,1,5548,1087
925,26,VIDEO,13,03/07/2023,1,18,771,151
926,14,VIDEO,143,04/04/2024,18,14,8853,1625
927,47,SOCIALMEDIA,177,30/12/2024,19,14,3525,674
928,24,BLOG,90,01/01/2024,13,16,2283,440
929,6,BLOG,376,15/12/2025,11,10,7092,1371
930,38,SOCIALMEDIA,58,28/06/2024,7,17,1581,311
931,30,SOCIALMEDIA,111,09/06/2025,9,5,4219,864
932,10,SOCIALMEDIA,397,23/04/2024,9,16,8061,1530
933,27,SOCIALMEDIA,301,20/02/2025,9,1,8280,1529
934,50,SOCIALMEDIA,217,23/08/2024,20,1,5563,1144
935,26,NEWSLETTER,89,11/09/2023,1,9,2008,401
936,29,BLOG,207,01/06/2023,5,2,8867,1742
937,31,BLOG,157,14/12/2024,6,5,3631,695
938,48,VIDEO,576,10/12/2023,2,10,8622,1704
939,39,VIDEO,119,01/05/2024,5,9,5279,976
940,6,NEWSLETTER,306,24/02/2024,15,17,5415,1100
941,24,NEWSLETTER,228,30/01/2025,16,16,4793,947
942,10,SOCIALMEDIA,44,09/07/2025,14,14,4465,812
943,48,BLOG,61,08/09/2024,11,10,6049,1187
944,23,NEWSLETTER,15,23/10/2025,15,8,4082,735
945,25,BLOG,284,09/05/2025,11,5,5609,1055
946,12,NEWSLETTER,42,06/01/2023,5,2,1512,294
947,38,BLOG,195,19/08/2024,7,2,4667,958
948,22,NEWSLETTER,1,26/09/2023,7,7,2223,408
949,8,SOCIALMEDIA,33,17/09/2024,6,13,3131,615
950,4,NEWSLETTER,28,28/06/2024,10,5,663,126
951,23,VIDEO,329,28/05/2025,14,3,8645,1627
952,20,VIDEO,93,20/03/2025,9,7,3225,674
953,37,NEWSLETTER,187,20/06/2024,11,6,5259,979
954,14,VIDEO,54,10/01/2025,12,5,6589,1227
955,34,SOCIALMEDIA,64,10/05/2024,7,15,3191,647
956,6,NEWSLETTER,27,05/04/2023,12,10,2594,493
957,22,VIDEO,82,04/12/2023,4,11,8333,1593
958,36,BLOG,262,26/10/2023,12,12,4606,878
959,25,SOCIALMEDIA,276,03/03/2023,20,10,5955,1194
960,33,SOCIALMEDIA,59,11/09/2024,17,1,1969,388
961,14,NEWSLETTER,55,13/07/2025,10,11,2434,462
962,25,BLOG,320,29/06/2024,12,18,5509,1111
963,34,NEWSLETTER,74,29/02/2024,2,3,2827,521
964,19,SOCIALMEDIA,148,11/10/2023,17,12,2483,486
965,26,VIDEO,221,10/01/2024,11,19,3549,651
966,9,NEWSLETTER,8,31/10/2025,18,5,288,60
967,20,NEWSLETTER,112,02/10/2024,19,18,2328,487
968,35,VIDEO,587,07/11/2023,9,2,8337,1723
969,32,NEWSLETTER,7,05/02/2024,11,20,8863,1842
970,50,VIDEO,61,09/09/2024,5,12,5543,1031
971,31,NEWSLETTER,22,22/06/2024,6,6,3430,639
972,27,NEWSLETTER,38,11/12/2024,5,16,2966,538
973,49,SOCIALMEDIA,75,02/04/2023,14,4,8186,1588
974,44,VIDEO,116,27/07/2025,3,7,2757,497
975,35,NEWSLETTER,360,05/05/2025,12,16,7218,1503
976,18,VIDEO,163,12/11/2025,14,2,5670,1088
977,39,BLOG,56,30/09/2023,9,11,1259,235
978,48,VIDEO,44,10/06/2024,15,14,3797,721
979,38,NEWSLETTER,201,21/03/2023,20,6,3402,691
980,35,SOCIALMEDIA,24,06/01/2025,11,4,7196,1332
981,45,VIDEO,196,29/08/2023,12,7,3181,599
982,31,SOCIALMEDIA,26,11/07/2023,14,5,465,84
983,34,SOCIALMEDIA,157,15/07/2025,7,2,3986,831
984,6,NEWSLETTER,10,02/08/2023,5,2,186,37
985,15,BLOG,67,03/09/2023,4,16,2547,468
986,1,VIDEO,33,17/07/2024,7,9,1061,214
987,10,BLOG,268,27/01/2023,15,13,7356,1506
988,24,SOCIALMEDIA,31,01/06/2025,4,7,1181,234
989,30,SOCIALMEDIA,3,28/12/2023,19,6,5772,1143
990,40,NEWSLETTER,310,02/11/2025,20,3,8530,1618
991,27,SOCIALMEDIA,305,14/07/2024,6,4,5631,1087
992,47,NEWSLETTER,8,14/08/2023,19,3,6025,1109
993,12,VIDEO,5,19/10/2023,5,16,123,22
994,7,SOCIALMEDIA,89,20/03/2025,12,19,6942,1369
995,5,VIDEO,28,15/05/2025,9,8,490,92
996,27,VIDEO,449,29/08/2025,1,17,8747,1786
997,4,BLOG,75,10/05/2025,11,19,6439,1322
998,7,SOCIALMEDIA,94,10/07/2025,10,12,2317,436
999,3,BLOG,194,09/11/2023,19,8,3519,705
1000,14,NEWSLETTER,44,19/11/2023,6,20,1399,282
1001,12,VIDEO,9,17/12/2024,7,12,3881,769
1002,25,BLOG,206,03/02/2024,7,14,4699,880
1003,19,SOCIALMEDIA,1,05/09/2024,9,4,340,62
1004,43,SOCIALMEDIA,62,07/12/2023,14,10,856,179
1005,42,SOCIALMEDIA,52,13/09/2025,18,15,1537,307
1006,8,BLOG,142,04/03/2023,14,20,8683,1689
1007,13,SOCIALMEDIA,229,20/11/2024,7,8,7354,1351
1008,15,SOCIALMEDIA,342,24/09/2024,4,16,8452,1578
1009,47,BLOG,70,08/10/2024,12,14,1657,328
1010,4,VIDEO,11,06/03/2023,12,16,1118,223
1011,16,NEWSLETTER,212,17/10/2025,5,14,4313,895
1012,7,VIDEO,209,06/08/2023,19,12,6993,1325
1013,36,BLOG,59,30/10/2023,13,7,2467,487
1014,20,BLOG,378,26/06/2025,19,6,6744,1376
1015,27,BLOG,200,13/04/2025,17,4,6018,1153
1016,16,BLOG,33,05/08/2023,16,20,3483,647
1017,29,NEWSLETTER,20,05/08/2025,16,17,1353,260
1018,26,VIDEO,203,23/01/2025,15,3,8052,1612
1019,22,VIDEO,235,10/05/2023,13,10,3764,716
1020,4,VIDEO,24,15/09/2025,12,13,347,69
1021,39,VIDEO,415,27/02/2024,18,17,6935,1304
1022,7,NEWSLETTER,70,01/05/2024,5,19,1839,366
1023,33,SOCIALMEDIA,113,16/04/2025,17,3,1868,386
1024,31,BLOG,63,18/09/2025,1,11,2021,391
1025,49,BLOG,47,28/12/2024,16,7,2884,526
1026,37,NEWSLETTER,39,12/03/2025,14,10,2107,427
1027,12,BLOG,153,05/12/2023,1,11,6433,1304
1028,50,BLOG,287,18/12/2024,8,14,7913,1482
1029,17,NEWSLETTER,5,31/05/2025,19,12,279,55
1030,28,VIDEO,101,13/05/2025,13,9,2656,482
1031,40,BLOG,407,02/10/2024,4,8,6941,1313
1032,43,SOCIALMEDIA,31,28/07/2024,20,19,2169,408
1033,37,BLOG,145,09/06/2023,9,7,7613,1499
1034,37,NEWSLETTER,22,20/02/2025,4,6,862,156
1035,2,SOCIALMEDIA,66,14/11/2023,7,12,7256,1316
1036,27,NEWSLETTER,216,06/11/2025,15,14,6636,1239
1037,22,NEWSLETTER,121,28/04/2024,9,8,1990,391
1038,18,VIDEO,53,18/05/2023,12,8,3253,612
1039,33,VIDEO,237,20/08/2025,2,12,8426,1764
1040,50,BLOG,15,31/01/2024,13,7,1923,393
1041,19,BLOG,196,15/03/2025,17,8,3142,654
1042,14,NEWSLETTER,88,13/09/2023,3,16,5416,1053
1043,49,VIDEO,41,27/12/2023,5,17,640,130
1044,37,VIDEO,28,11/12/2024,15,14,1711,331
1045,10,BLOG,56,26/06/2024,19,9,3408,700
1046,25,SOCIALMEDIA,391,24/01/2025,7,7,6318,1173
1047,2,BLOG,120,05/09/2024,15,17,8262,1643
1048,21,NEWSLETTER,117,17/11/2025,4,10,3517,655
1049,17,NEWSLETTER,385,21/03/2024,13,18,6682,1253
1050,32,NEWSLETTER,16,17/03/2025,13,17,1005,208
1051,36,BLOG,394,13/04/2024,13,10,6232,1301
1052,25,BLOG,218,28/08/2024,7,6,6907,1348
1053,41,NEWSLETTER,46,19/04/2023,9,1,2289,442
1054,34,VIDEO,42,16/02/2025,6,4,4099,796
1055,22,VIDEO,220,25/05/2024,3,2,4530,924
1056,14,SOCIALMEDIA,2,09/09/2023,17,4,407,83
1057,19,NEWSLETTER,280,30/04/2023,3,20,7274,1318
1058,38,BLOG,395,08/07/2025,6,15,7650,1595
1059,5,SOCIALMEDIA,324,08/10/2025,3,14,4998,958
1060,14,SOCIALMEDIA,158,29/06/2023,1,4,5666,1068
1061,33,NEWSLETTER,176,05/04/2024,5,16,2501,504
1062,50,SOCIALMEDIA,353,30/05/2024,18,17,5695,1192
1063,50,VIDEO,65,28/07/2025,8,9,6713,1299
1064,13,SOCIALMEDIA,14,29/07/2023,7,19,271,50
1065,14,BLOG,160,29/09/2025,17,15,3181,594
1066,11,VIDEO,77,13/10/2025,16,17,1556,313
1067,3,SOCIALMEDIA,60,09/05/2024,9,19,3362,672
1068,30,BLOG,88,04/06/2025,17,7,1584,318
1069,14,BLOG,115,29/06/2023,20,14,4613,832
1070,3,SOCIALMEDIA,290,26/02/2024,5,1,6379,1324
1071,6,BLOG,298,05/02/2024,20,17,7285,1485
1072,18,NEWSLETTER,42,07/01/2025,19,2,2760,499
1073,23,NEWSLETTER,122,23/06/2024,9,19,1913,361
1074,45,VIDEO,189,26/09/2023,9,7,3013,624
1075,26,VIDEO,53,18/04/2025,12,1,6704,1262
1076,5,SOCIALMEDIA,75,08/05/2023,8,16,6172,1139
1077,33,BLOG,13,02/01/2024,14,1,1231,244
1078,2,NEWSLETTER,19,04/11/2023,16,18,5598,1139
1079,32,SOCIALMEDIA,220,03/05/2023,14,10,4110,857
1080,2,VIDEO,105,15/09/2023,17,19,3568,665
1081,24,SOCIALMEDIA,1,14/04/2023,2,19,2765,559
1082,19,NEWSLETTER,94,30/01/2023,9,5,6552,1199
1083,50,BLOG,238,11/08/2025,13,12,3755,755
1084,47,SOCIALMEDIA,124,14/04/2023,12,1,3442,680
1085,38,SOCIALMEDIA,91,24/12/2024,10,4,2460,509
1086,41,SOCIALMEDIA,101,21/03/2025,13,10,5438,1073
1087,34,VIDEO,80,23/02/2023,19,1,1283,263
1088,15,VIDEO,100,04/06/2025,4,4,3243,588
1089,1,VIDEO,252,19/10/2025,15,6,5012,927
1090,37,BLOG,247,18/11/2025,20,6,4375,798
1091,2,BLOG,406,09/11/2024,5,15,6587,1276
1092,24,SOCIALMEDIA,246,04/02/2025,18,6,3894,806
1093,12,SOCIALMEDIA,239,09/10/2025,1,15,4692,902
1094,32,VIDEO,420,28/07/2023,4,1,8848,1829
1095,9,BLOG,66,21/07/2025,5,14,5307,1068
1096,22,NEWSLETTER,178,12/05/2023,8,11,6655,1393
1097,19,NEWSLETTER,495,09/01/2025,11,15,8046,1529
1098,5,BLOG,100,06/09/2024,2,10,2826,578
1099,8,BLOG,202,18/03/2024,2,4,2948,597
1100,8,NEWSLETTER,42,04/04/2023,7,13,3495,646
1101,41,SOCIALMEDIA,24,25/06/2023,14,10,447,84
1102,10,SOCIALMEDIA,3,05/04/2024,6,16,1243,244
1103,24,BLOG,45,04/01/2025,7,5,857,163
1104,44,BLOG,438,10/08/2023,5,16,7048,1310
1105,49,BLOG,97,24/08/2024,16,12,4051,777
1106,32,VIDEO,188,30/11/2025,16,8,2790,542
1107,20,SOCIALMEDIA,37,31/05/2023,18,10,1373,275
1108,50,SOCIALMEDIA,47,05/08/2024,2,11,1440,268
1109,30,BLOG,127,23/05/2023,7,17,4077,808
1110,24,BLOG,12,19/08/2023,8,2,572,116
1111,49,SOCIALMEDIA,64,15/01/2023,3,15,2258,410
1112,19,NEWSLETTER,68,10/11/2025,13,17,968,198
1113,30,VIDEO,36,16/01/2023,14,15,5468,1098
1114,16,VIDEO,144,10/03/2023,15,17,8507,1539
1115,46,NEWSLETTER,19,03/02/2025,6,10,7518,1456
1116,17,BLOG,287,27/07/2025,5,9,5384,1074
1117,39,SOCIALMEDIA,8,09/07/2025,10,2,334,61
1118,1,NEWSLETTER,300,28/05/2024,1,10,6797,1290
1119,5,SOCIALMEDIA,179,19/03/2024,2,20,6140,1157
1120,30,SOCIALMEDIA,25,15/09/2025,19,18,1829,352
1121,18,BLOG,55,06/10/2023,14,15,8770,1771
1122,27,SOCIALMEDIA,476,31/05/2025,3,14,8905,1755
1123,47,NEWSLETTER,28,13/07/2025,11,4,1367,273
1124,1,NEWSLETTER,410,08/03/2024,7,5,6579,1350
1125,34,VIDEO,520,05/07/2024,12,12,8824,1686
1126,2,VIDEO,301,30/07/2023,9,17,4721,877
1127,5,SOCIALMEDIA,4,10/06/2023,6,7,8273,1664
1128,39,SOCIALMEDIA,132,22/11/2024,6,6,7518,1533
1129,4,NEWSLETTER,195,14/09/2025,11,8,6618,1237
1130,17,VIDEO,236,15/01/2024,3,1,6522,1312
1131,37,BLOG,239,14/11/2025,8,18,4592,837
1132,20,NEWSLETTER,490,12/10/2023,18,12,7331,1535
1133,36,VIDEO,37,29/07/2025,2,8,1328,255
1134,42,BLOG,111,15/03/2023,2,2,3103,582
1135,9,BLOG,174,22/02/2023,9,16,3455,682
1136,48,NEWSLETTER,41,12/05/2023,7,10,2082,412
1137,26,SOCIALMEDIA,63,09/08/2024,19,19,2340,490
1138,8,BLOG,51,26/10/2025,15,13,3150,632
1139,25,NEWSLETTER,66,17/06/2025,15,1,4497,879
1140,40,BLOG,66,02/07/2025,12,16,3544,639
1141,10,VIDEO,163,27/04/2023,16,4,3562,721
1142,14,VIDEO,239,28/05/2025,5,4,4889,916
1143,41,SOCIALMEDIA,4,14/04/2024,4,10,8259,1717
1144,27,SOCIALMEDIA,41,17/01/2024,20,12,968,184
1145,5,NEWSLETTER,153,03/06/2025,1,19,7492,1424
1146,39,BLOG,136,23/10/2024,14,2,4710,857
1147,22,BLOG,187,06/09/2025,11,4,4378,798
1148,2,VIDEO,183,28/04/2024,12,13,6237,1233
1149,48,NEWSLETTER,496,16/10/2025,5,13,8067,1580
1150,21,VIDEO,151,01/09/2023,20,11,8137,1589
1151,50,BLOG,52,12/06/2025,17,12,2338,448
1152,3,NEWSLETTER,44,23/08/2024,11,18,895,163
1153,7,BLOG,225,26/03/2023,20,13,3879,810
1154,30,NEWSLETTER,192,16/05/2025,4,7,2972,569
1155,7,BLOG,94,10/04/2025,11,19,3001,587
1156,42,VIDEO,85,07/10/2023,13,12,7946,1550
1157,7,VIDEO,6,20/11/2024,1,20,1361,270
1158,38,SOCIALMEDIA,10,19/10/2024,6,19,1431,279
1159,9,SOCIALMEDIA,115,28/08/2025,13,13,8894,1645
1160,29,NEWSLETTER,264,23/12/2025,17,8,8297,1494
1161,27,NEWSLETTER,413,09/11/2025,3,14,7262,1446
1162,7,NEWSLETTER,205,28/10/2025,4,17,3547,672
1163,30,SOCIALMEDIA,398,09/01/2025,17,8,8134,1619
1164,32,NEWSLETTER,123,21/06/2023,8,5,3743,768
1165,47,NEWSLETTER,159,24/05/2023,8,3,7563,1528
1166,39,NEWSLETTER,43,17/05/2025,18,19,1741,328
1167,43,BLOG,113,20/04/2025,10,18,3279,644
1168,2,NEWSLETTER,194,11/05/2025,19,7,3327,643
1169,28,SOCIALMEDIA,175,08/10/2024,9,6,8452,1585
1170,29,BLOG,145,25/10/2025,1,3,2239,464
1171,2,SOCIALMEDIA,86,01/04/2025,14,1,3886,789
1172,21,BLOG,109,13/02/2025,7,1,2316,417
1173,6,BLOG,3,22/06/2023,10,16,135,26
1174,23,SOCIALMEDIA,47,22/05/2023,7,3,3075,571
1175,21,VIDEO,95,29/06/2023,8,8,2867,538
1176,10,VIDEO,18,20/02/2025,19,17,328,67
1177,35,NEWSLETTER,14,19/03/2024,17,1,236,44
1178,19,BLOG,139,26/05/2025,4,19,5981,1136
1179,49,VIDEO,34,07/12/2025,20,2,4075,827
1180,15,NEWSLETTER,143,09/04/2023,5,10,4090,795
1181,18,VIDEO,3,08/01/2024,10,6,316,58
1182,43,BLOG,111,28/01/2023,7,2,4655,867
1183,2,BLOG,557,26/07/2025,16,6,8343,1729
1184,22,NEWSLETTER,108,26/01/2025,12,8,4713,966
1185,50,VIDEO,7,26/07/2025,3,10,2881,584
1186,4,SOCIALMEDIA,558,09/06/2023,15,12,8991,1643
1187,1,VIDEO,46,13/01/2025,3,17,4936,974
1188,30,BLOG,306,07/08/2024,12,20,8265,1687
1189,50,SOCIALMEDIA,16,02/09/2025,3,12,393,81
1190,7,SOCIALMEDIA,163,05/04/2025,8,8,5642,1037
1191,18,SOCIALMEDIA,22,05/06/2023,8,12,436,79
1192,20,VIDEO,267,12/07/2023,14,20,5600,1156
1193,25,BLOG,57,20/04/2025,10,4,2154,446
1194,44,SOCIALMEDIA,74,05/11/2025,13,13,5191,996
1195,37,BLOG,116,07/07/2025,18,19,6794,1361
1196,30,SOCIALMEDIA,5,07/08/2023,13,7,317,57
1197,9,SOCIALMEDIA,20,20/09/2025,2,4,3281,611
1198,20,BLOG,61,19/02/2024,6,5,6203,1235
1199,33,NEWSLETTER,80,11/09/2024,14,9,1542,281
1200,27,BLOG,47,18/03/2024,2,20,1726,359
1201,29,SOCIALMEDIA,371,07/12/2023,10,13,7312,1513
1202,28,SOCIALMEDIA,14,15/10/2025,3,4,1685,331
1203,3,SOCIALMEDIA,69,13/03/2023,16,4,1983,387
1204,6,SOCIALMEDIA,363,14/02/2023,12,15,8419,1709
1205,7,NEWSLETTER,59,18/03/2023,9,15,2535,516
1206,20,VIDEO,14,21/03/2024,2,12,644,131
1207,20,NEWSLETTER,363,20/12/2024,5,8,7562,1389
1208,35,NEWSLETTER,426,22/02/2025,7,7,8602,1566
1209,46,SOCIALMEDIA,144,11/01/2023,5,10,8289,1543
1210,34,NEWSLETTER,186,01/07/2024,13,16,3733,719
1211,47,SOCIALMEDIA,315,23/09/2024,8,2,8276,1715
1212,43,BLOG,110,21/04/2024,13,6,5501,1011
1213,1,VIDEO,83,03/03/2025,18,6,2397,474
1214,34,NEWSLETTER,120,21/10/2025,18,4,5516,1031
1215,44,NEWSLETTER,33,26/05/2023,18,15,637,121
1216,2,NEWSLETTER,41,07/10/2024,2,4,690,134
1217,18,BLOG,433,18/02/2024,5,20,8828,1817
1218,23,SOCIALMEDIA,224,25/06/2023,12,12,5177,954
1219,31,BLOG,221,28/03/2024,9,12,3667,694
1220,17,BLOG,11,03/12/2023,2,17,206,40
1221,37,BLOG,189,16/06/2024,20,6,3698,763
1222,11,VIDEO,145,07/04/2023,20,1,4995,961
1223,9,NEWSLETTER,210,05/06/2025,10,6,7553,1398
1224,3,SOCIALMEDIA,16,07/06/2025,7,20,5072,1063
1225,24,BLOG,59,29/11/2023,20,15,2844,516
1226,6,VIDEO,94,10/01/2024,1,15,2985,540
1227,24,NEWSLETTER,96,04/05/2025,7,12,8721,1827
1228,38,SOCIALMEDIA,241,29/12/2023,17,19,5669,1142
1229,15,SOCIALMEDIA,150,14/01/2024,9,7,5068,1021
1230,9,SOCIALMEDIA,128,03/11/2024,20,4,4039,835
1231,16,NEWSLETTER,340,18/08/2023,18,16,6265,1157
1232,44,VIDEO,40,07/08/2025,15,6,2206,437
1233,24,SOCIALMEDIA,143,12/11/2024,20,6,2116,443
1234,8,NEWSLETTER,412,18/03/2025,15,3,8941,1662
1235,13,VIDEO,185,18/09/2023,9,8,3608,737
1236,32,BLOG,58,29/08/2024,7,2,2166,427
1237,31,NEWSLETTER,134,19/07/2024,9,18,3566,678
1238,22,BLOG,22,17/05/2025,12,15,399,72
1239,13,SOCIALMEDIA,35,13/07/2023,17,14,897,175
1240,10,SOCIALMEDIA,62,07/05/2025,9,18,6487,1231
1241,16,BLOG,1,03/09/2023,2,14,6058,1140
1242,12,SOCIALMEDIA,17,26/04/2025,8,1,5322,1021
1243,46,NEWSLETTER,399,14/10/2025,1,19,7665,1524
1244,14,VIDEO,257,26/06/2025,18,8,3741,744
1245,31,VIDEO,25,25/09/2024,14,10,906,176
1246,9,NEWSLETTER,91,15/08/2023,9,18,2893,559
1247,49,SOCIALMEDIA,17,18/01/2024,15,3,570,103
1248,42,BLOG,146,11/11/2025,7,8,2567,495
1249,18,SOCIALMEDIA,2,03/02/2023,10,11,390,74
1250,39,VIDEO,30,03/04/2023,4,15,495,90
1251,38,BLOG,75,24/12/2024,20,17,6596,1327
1252,6,VIDEO,19,10/08/2025,1,2,5131,965
1253,20,BLOG,26,28/06/2023,6,2,1875,361
1254,45,VIDEO,11,04/05/2023,4,5,1397,254
1255,4,NEWSLETTER,308,04/07/2024,10,1,6605,1300
1256,8,BLOG,21,29/09/2024,4,20,3706,688
1257,11,VIDEO,325,12/02/2025,7,12,5851,1220
1258,4,BLOG,419,18/10/2023,7,11,6871,1387
1259,38,NEWSLETTER,606,24/07/2024,14,7,8775,1779
1260,37,NEWSLETTER,121,17/10/2025,2,13,5094,949
1261,47,VIDEO,79,07/03/2023,3,15,1207,248
1262,30,BLOG,236,17/08/2023,10,8,7164,1419
1263,15,BLOG,99,05/05/2025,3,14,3765,756
1264,49,VIDEO,63,01/01/2025,7,8,8684,1648
1265,9,BLOG,33,20/11/2023,12,5,824,159
1266,14,BLOG,0,15/01/2023,10,18,62,11
1267,1,VIDEO,110,05/04/2024,7,13,6210,1195
1268,12,VIDEO,221,13/05/2024,2,7,7814,1512
1269,2,VIDEO,16,30/03/2023,3,2,8692,1724
1270,8,SOCIALMEDIA,122,02/01/2024,8,14,2991,618
1271,48,SOCIALMEDIA,340,26/07/2025,7,19,8554,1740
1272,28,NEWSLETTER,231,16/09/2024,7,13,4824,868
1273,2,VIDEO,47,14/11/2025,15,11,1699,346
1274,26,SOCIALMEDIA,58,12/01/2025,1,4,1928,386
1275,24,NEWSLETTER,16,20/03/2023,3,16,2273,464
1276,10,BLOG,21,22/05/2023,4,15,349,71
1277,41,SOCIALMEDIA,180,12/11/2025,10,5,6767,1244
1278,36,VIDEO,35,09/04/2024,13,16,1844,354
1279,47,BLOG,23,05/06/2025,3,5,1164,212
1280,20,NEWSLETTER,453,27/02/2025,5,7,7889,1517
1281,16,BLOG,207,28/07/2023,18,6,3300,615
1282,31,NEWSLETTER,151,03/04/2023,11,2,2916,540
1283,11,SOCIALMEDIA,114,05/07/2024,13,20,4948,974
1284,11,VIDEO,191,03/02/2023,16,8,4333,846
1285,39,NEWSLETTER,175,04/05/2025,12,13,8211,1712
1286,9,NEWSLETTER,268,27/05/2025,4,19,3821,789
1287,15,NEWSLETTER,205,07/11/2023,4,10,6934,1266
1288,29,SOCIALMEDIA,385,10/02/2023,4,9,8981,1833
1289,15,SOCIALMEDIA,104,03/10/2023,6,7,5930,1134
1290,31,NEWSLETTER,53,01/06/2023,2,2,2398,449
1291,36,NEWSLETTER,49,24/02/2023,16,20,873,168
1292,33,VIDEO,84,10/01/2025,12,18,7648,1393
1293,49,BLOG,85,21/10/2023,4,5,2147,411
1294,38,NEWSLETTER,48,07/09/2025,5,10,2351,492
1295,21,NEWSLETTER,250,22/12/2023,4,2,7190,1466
1296,29,BLOG,117,01/11/2024,10,15,8967,1854
1297,1,VIDEO,350,12/11/2024,8,14,6019,1176
1298,4,BLOG,17,05/02/2024,2,6,1816,356
1299,36,VIDEO,35,07/05/2023,5,1,1801,357
1300,35,VIDEO,282,10/08/2025,3,8,6796,1322
1301,13,BLOG,121,16/09/2024,12,8,4874,973
1302,13,NEWSLETTER,206,05/08/2025,2,7,7191,1301
1303,24,VIDEO,40,13/11/2023,1,11,1769,363
1304,3,NEWSLETTER,359,05/02/2023,18,10,8075,1523
1305,13,BLOG,460,05/11/2023,5,4,7635,1469
1306,48,VIDEO,40,03/11/2024,1,20,8413,1528
1307,15,BLOG,167,29/09/2024,10,9,4836,1005
1308,31,VIDEO,68,26/02/2023,10,2,1563,298
1309,35,NEWSLETTER,331,25/11/2023,4,15,5113,1017
1310,31,SOCIALMEDIA,241,30/07/2024,8,16,5946,1170
1311,28,NEWSLETTER,132,11/06/2024,10,14,4716,963
1312,8,NEWSLETTER,463,12/08/2025,19,14,8558,1782
1313,44,BLOG,56,27/02/2025,15,6,2229,412
1314,31,SOCIALMEDIA,218,29/10/2023,5,5,3614,662
1315,39,VIDEO,135,21/05/2025,20,8,3185,660
1316,8,NEWSLETTER,190,02/05/2023,6,5,5589,1010
1317,33,SOCIALMEDIA,4,19/08/2023,17,1,301,60
1318,3,BLOG,46,18/02/2024,2,19,2914,524
1319,8,VIDEO,328,28/08/2025,7,10,5573,1119
1320,2,VIDEO,261,25/04/2024,17,8,6120,1277
1321,11,VIDEO,113,24/03/2025,20,19,6175,1209
1322,25,BLOG,104,09/06/2023,1,4,2916,581
1323,38,VIDEO,389,02/09/2023,19,9,7870,1479
1324,25,NEWSLETTER,72,08/08/2025,11,2,1969,356
1325,22,NEWSLETTER,236,23/05/2024,16,8,8212,1561
1326,5,NEWSLETTER,164,27/12/2024,20,10,3712,734
1327,16,SOCIALMEDIA,447,04/01/2024,9,11,8310,1544
1328,18,SOCIALMEDIA,198,15/09/2023,6,19,4526,826
1329,1,SOCIALMEDIA,42,10/08/2023,15,8,3168,651
1330,36,VIDEO,290,12/02/2023,13,10,6740,1288
1331,42,BLOG,457,13/05/2025,20,7,8228,1652
1332,34,VIDEO,204,03/02/2023,10,10,6833,1382
1333,34,VIDEO,18,19/10/2023,19,16,478,88
1334,45,VIDEO,9,01/11/2024,10,8,3079,623
1335,49,VIDEO,20,22/08/2023,16,5,1704,346
1336,9,SOCIALMEDIA,263,07/08/2024,5,13,6382,1290
1337,1,VIDEO,19,19/08/2025,9,7,4926,963
1338,47,SOCIALMEDIA,5,28/04/2025,1,1,3805,777
1339,28,BLOG,352,16/04/2023,17,9,5828,1110
1340,6,SOCIALMEDIA,359,19/09/2025,12,19,5701,1033
1341,41,NEWSLETTER,203,16/08/2023,3,5,3958,744
1342,4,VIDEO,265,02/12/2024,12,17,6492,1180
1343,21,NEWSLETTER,450,27/05/2025,19,4,8046,1498
1344,33,NEWSLETTER,132,09/02/2025,3,14,5235,966
1345,6,SOCIALMEDIA,9,11/06/2024,5,15,5985,1212
1346,21,SOCIALMEDIA,5,20/03/2025,12,5,2766,571
1347,32,VIDEO,109,19/12/2024,20,13,4853,916
1348,23,SOCIALMEDIA,9,19/05/2023,10,1,6211,1155
1349,12,VIDEO,88,11/05/2024,8,4,8945,1791
1350,9,BLOG,11,24/11/2025,20,9,189,37
1351,23,VIDEO,10,27/03/2025,3,13,469,94
1352,15,NEWSLETTER,268,26/12/2024,3,13,4715,938
1353,8,VIDEO,162,19/04/2023,5,6,5525,1060
1354,23,SOCIALMEDIA,0,10/03/2025,9,18,1690,350
1355,27,NEWSLETTER,263,14/01/2023,7,10,7478,1503
1356,39,BLOG,15,17/09/2025,4,9,488,88
1357,48,BLOG,149,04/02/2025,9,4,3998,732
1358,46,VIDEO,34,02/06/2025,5,7,2320,442
1359,23,VIDEO,35,11/05/2025,8,17,8204,1583
1360,37,BLOG,141,06/12/2025,14,11,5947,1112
1361,48,BLOG,119,14/01/2025,6,11,4692,894
1362,30,VIDEO,184,26/12/2023,20,20,2879,566
1363,41,NEWSLETTER,49,24/12/2023,13,5,1754,317
1364,10,BLOG,430,25/02/2024,1,2,7467,1371
1365,11,VIDEO,117,14/11/2024,20,7,4486,846
1366,49,VIDEO,95,09/01/2024,7,18,2357,478
1367,28,BLOG,170,10/09/2024,4,15,3193,575
1368,16,VIDEO,22,16/09/2023,8,19,2641,515
1369,27,VIDEO,176,21/12/2024,16,18,5468,1004
1370,35,SOCIALMEDIA,340,06/12/2024,9,13,5391,1042
1371,29,SOCIALMEDIA,127,21/09/2024,3,5,3493,654
1372,41,VIDEO,87,26/04/2023,12,17,5520,1079
1373,9,VIDEO,13,21/02/2025,15,9,772,153
1374,4,NEWSLETTER,426,30/10/2024,6,18,7309,1528
1375,35,VIDEO,75,29/06/2024,16,9,1188,217
1376,32,SOCIALMEDIA,0,26/11/2025,20,7,241,49
1377,27,VIDEO,252,25/12/2025,18,1,7140,1289
1378,23,NEWSLETTER,163,07/08/2025,5,15,8565,1589
1379,25,SOCIALMEDIA,71,14/03/2024,11,6,1912,387
1380,17,NEWSLETTER,56,18/10/2023,2,19,8947,1756
1381,36,BLOG,83,05/06/2023,1,8,2813,561
1382,9,BLOG,30,27/06/2024,3,2,579,114
1383,8,SOCIALMEDIA,341,25/04/2024,5,6,5849,1131
1384,44,NEWSLETTER,30,17/09/2023,2,18,764,149
1385,36,BLOG,39,30/07/2023,19,16,1664,310
1386,28,BLOG,168,27/08/2024,10,14,3618,707
1387,49,VIDEO,130,10/02/2023,12,11,4611,928
1388,23,BLOG,52,22/11/2024,18,16,4944,941
1389,8,SOCIALMEDIA,35,15/01/2023,10,14,4649,949
1390,35,VIDEO,570,09/04/2024,17,18,8969,1643
1391,21,NEWSLETTER,125,30/07/2024,2,14,5246,1065
1392,18,NEWSLETTER,94,10/09/2023,2,17,4584,922
1393,32,BLOG,479,24/05/2025,13,6,8597,1715
1394,11,VIDEO,58,15/08/2024,18,10,2259,434
1395,26,SOCIALMEDIA,22,23/02/2025,19,13,436,81
1396,41,VIDEO,182,10/03/2023,12,20,3378,613
1397,28,SOCIALMEDIA,396,16/04/2024,19,17,6688,1298
1398,9,VIDEO,14,06/07/2023,7,17,1014,211
1399,30,NEWSLETTER,106,05/04/2025,13,2,1892,376
1400,40,SOCIALMEDIA,108,18/11/2024,13,17,8808,1841
1401,26,VIDEO,449,19/08/2024,18,12,8379,1536
1402,13,BLOG,25,18/03/2023,17,16,458,91
1403,1,VIDEO,70,14/05/2025,9,13,1064,214
1404,5,BLOG,120,18/03/2023,3,3,7078,1455
1405,33,BLOG,143,25/12/2025,14,6,8456,1625
1406,42,BLOG,44,07/11/2024,13,19,4258,853
1407,48,NEWSLETTER,47,05/03/2024,10,4,677,141
1408,26,SOCIALMEDIA,36,16/07/2023,14,2,7168,1320
1409,17,BLOG,15,29/07/2025,8,12,6032,1183
1410,35,BLOG,413,07/07/2025,19,20,7513,1428
1411,16,VIDEO,200,03/01/2023,10,11,4415,927
1412,10,BLOG,112,02/04/2023,12,5,4289,893
1413,19,VIDEO,34,31/08/2023,10,18,608,118
1414,43,NEWSLETTER,64,11/08/2025,14,6,885,185
1415,17,BLOG,25,18/02/2024,9,11,4039,784
1416,15,NEWSLETTER,34,01/09/2024,15,12,8774,1798
1417,13,BLOG,324,03/07/2025,2,15,7350,1433
1418,18,BLOG,24,22/01/2024,11,8,403,74
1419,49,NEWSLETTER,204,12/08/2024,15,5,3317,618
1420,29,SOCIALMEDIA,414,08/09/2023,20,14,8198,1584
1421,50,NEWSLETTER,17,02/02/2024,5,9,1007,207
1422,14,SOCIALMEDIA,426,28/04/2024,5,14,6709,1334
1423,42,SOCIALMEDIA,155,18/08/2023,6,20,7278,1496
1424,6,NEWSLETTER,204,21/02/2025,11,7,4121,770
1425,42,VIDEO,220,11/03/2025,13,12,4462,859
1426,18,SOCIALMEDIA,8,01/07/2023,8,10,3821,745
1427,24,BLOG,32,08/04/2023,18,5,4578,919
1428,45,SOCIALMEDIA,1,20/01/2024,11,3,6173,1271
1429,12,NEWSLETTER,82,13/02/2023,10,18,2327,472
1430,5,BLOG,32,30/03/2023,20,10,1970,356
1431,43,BLOG,269,08/08/2024,12,13,7315,1430
1432,45,NEWSLETTER,89,18/07/2025,1,9,2650,484
1433,38,BLOG,43,15/10/2024,7,19,1010,201
1434,10,NEWSLETTER,44,28/10/2024,11,4,933,190
1435,15,SOCIALMEDIA,15,30/12/2023,16,19,8251,1526
1436,37,SOCIALMEDIA,462,15/09/2024,14,6,6788,1331
1437,38,NEWSLETTER,97,27/10/2024,17,5,8963,1701
1438,3,SOCIALMEDIA,129,01/04/2025,8,4,6183,1142
1439,5,SOCIALMEDIA,23,18/11/2023,4,7,1485,288
1440,7,BLOG,166,01/05/2023,19,4,2563,516
1441,39,SOCIALMEDIA,447,07/10/2025,13,20,6265,1302
1442,48,BLOG,8,08/03/2024,18,15,175,36
1443,38,VIDEO,90,14/11/2025,5,18,1365,265
1444,12,VIDEO,263,12/04/2023,5,6,6593,1347
1445,23,NEWSLETTER,6,07/12/2024,12,10,1638,317
1446,25,SOCIALMEDIA,586,12/12/2024,17,1,8888,1807
1447,36,BLOG,67,11/05/2024,10,8,1492,288
1448,10,NEWSLETTER,25,02/07/2024,11,4,1038,217
1449,18,VIDEO,56,20/08/2023,13,12,5300,1060
1450,7,BLOG,302,02/04/2023,2,13,6708,1296
1451,19,BLOG,42,08/01/2025,13,10,3962,828
1452,10,VIDEO,27,07/01/2025,9,20,1059,215
1453,1,NEWSLETTER,323,25/03/2024,17,9,6804,1408
1454,47,SOCIALMEDIA,229,14/02/2024,6,18,4240,790
1455,19,NEWSLETTER,291,29/10/2024,8,5,5105,1040
1456,35,VIDEO,44,16/11/2024,13,11,3370,684
1457,11,SOCIALMEDIA,68,21/07/2025,16,1,7600,1556
1458,20,BLOG,368,05/09/2024,2,13,5599,1074
1459,28,NEWSLETTER,68,04/08/2023,7,4,4283,863
1460,23,BLOG,235,11/05/2023,11,19,3481,696
1461,43,NEWSLETTER,8,18/04/2025,14,12,834,157
1462,49,BLOG,65,15/11/2025,17,13,2326,480
1463,43,BLOG,91,28/08/2024,2,11,2220,403
1464,32,NEWSLETTER,203,21/04/2024,8,15,7008,1462
1465,16,SOCIALMEDIA,31,08/04/2024,16,10,654,131
1466,9,NEWSLETTER,93,05/07/2025,9,17,6183,1211
1467,23,BLOG,176,16/05/2024,12,1,3498,728
1468,39,SOCIALMEDIA,57,01/04/2025,19,19,4690,973
1469,22,SOCIALMEDIA,17,27/12/2025,10,20,779,158
1470,10,VIDEO,241,02/02/2025,14,20,8366,1586
1471,8,SOCIALMEDIA,232,11/09/2023,15,16,8024,1630
1472,38,SOCIALMEDIA,32,28/11/2024,16,6,6909,1349
1473,45,VIDEO,268,02/04/2025,1,5,6449,1278
1474,24,NEWSLETTER,475,27/04/2025,16,13,8484,1719
1475,23,VIDEO,110,13/02/2023,12,3,1689,349
1476,18,NEWSLETTER,53,20/12/2025,4,3,2032,383
1477,1,VIDEO,59,16/10/2023,16,20,2393,498
1478,10,SOCIALMEDIA,212,19/12/2024,11,13,7562,1389
1479,36,NEWSLETTER,49,11/09/2025,16,12,4722,902
1480,33,NEWSLETTER,140,13/08/2023,4,5,5766,1181
1481,45,NEWSLETTER,31,23/11/2023,19,8,1453,285
1482,17,NEWSLETTER,329,01/11/2024,19,8,8472,1711
1483,12,SOCIALMEDIA,87,28/12/2025,12,15,6694,1279
1484,47,NEWSLETTER,146,26/03/2025,14,7,4265,769
1485,45,NEWSLETTER,132,11/03/2023,9,17,3093,615
1486,46,NEWSLETTER,131,26/12/2023,13,13,4704,913
1487,3,NEWSLETTER,0,14/06/2023,20,7,61,12
1488,41,BLOG,227,20/09/2025,16,13,4701,981
1489,10,NEWSLETTER,205,02/04/2023,5,20,3965,810
1490,15,VIDEO,20,19/03/2023,9,20,3345,615
1491,22,BLOG,24,22/08/2025,20,11,3354,613
1492,43,SOCIALMEDIA,328,03/06/2025,8,4,5209,1072
1493,18,VIDEO,46,21/10/2025,1,16,992,194
1494,30,SOCIALMEDIA,25,24/03/2023,20,14,2880,534
1495,45,VIDEO,79,02/03/2023,12,10,1314,258
1496,7,NEWSLETTER,8,04/03/2025,17,20,163,33
1497,11,VIDEO,47,11/03/2025,6,14,776,162
1498,5,SOCIALMEDIA,42,21/10/2024,4,18,850,167
1499,48,VIDEO,238,15/12/2024,10,6,5469,1032
1500,30,NEWSLETTER,17,24/07/2025,15,14,316,63
1501,29,SOCIALMEDIA,31,30/05/2024,2,5,863,158
1502,3,BLOG,292,21/06/2025,17,4,7173,1454
1503,34,SOCIALMEDIA,172,08/09/2024,4,2,2781,556
1504,10,SOCIALMEDIA,69,27/12/2024,9,11,3561,700
1505,11,SOCIALMEDIA,245,08/11/2023,4,9,6601,1301
1506,23,BLOG,41,25/08/2024,12,3,6595,1381
1507,20,BLOG,103,24/02/2024,7,10,3480,707
1508,34,BLOG,122,07/07/2025,6,11,6413,1319
1509,33,BLOG,408,13/11/2025,2,6,7707,1399
1510,41,BLOG,31,17/06/2023,11,15,1633,309
1511,6,BLOG,441,01/08/2023,10,2,7896,1638
1512,8,SOCIALMEDIA,172,06/07/2024,5,18,5356,1071
1513,8,NEWSLETTER,19,24/11/2024,12,1,1982,371
1514,48,SOCIALMEDIA,487,25/08/2023,12,13,7388,1549
1515,4,BLOG,235,01/01/2025,1,8,5149,1031
1516,15,NEWSLETTER,35,26/05/2025,1,12,950,198
1517,30,BLOG,21,16/09/2023,12,15,2249,432
1518,9,NEWSLETTER,612,06/11/2023,4,14,8819,1836
1519,7,VIDEO,19,11/08/2025,17,13,5933,1236
1520,41,NEWSLETTER,175,24/07/2025,4,14,5305,1001
1521,33,VIDEO,130,01/01/2025,9,12,3007,601
1522,29,VIDEO,129,09/06/2025,8,20,6883,1329
1523,4,SOCIALMEDIA,146,15/04/2023,9,11,7224,1311
1524,24,NEWSLETTER,212,03/12/2025,10,2,7113,1452
1525,7,NEWSLETTER,216,21/01/2023,14,18,4530,838
1526,21,BLOG,141,05/09/2025,4,12,6160,1280
1527,6,SOCIALMEDIA,369,26/10/2023,9,2,6812,1309
1528,22,NEWSLETTER,24,20/12/2024,9,13,773,157
1529,15,VIDEO,18,06/09/2025,17,11,1645,306
1530,45,SOCIALMEDIA,441,21/03/2025,11,5,6766,1295
1531,44,VIDEO,389,29/11/2024,2,17,7257,1322
1532,39,NEWSLETTER,287,08/03/2023,2,9,4726,921
1533,40,BLOG,35,27/01/2025,4,18,2556,475
1534,14,NEWSLETTER,131,19/11/2023,2,19,2504,505
1535,30,VIDEO,170,22/08/2024,18,20,2991,555
1536,12,SOCIALMEDIA,138,29/11/2024,10,14,6034,1242
1537,24,BLOG,281,01/10/2025,2,19,5691,1061
1538,42,BLOG,36,13/03/2023,2,10,3424,630
1539,29,SOCIALMEDIA,116,21/08/2025,4,14,2263,410
1540,35,SOCIALMEDIA,66,22/05/2024,7,8,1446,276
1541,24,SOCIALMEDIA,299,08/02/2023,7,19,5796,1059
1542,38,BLOG,333,16/03/2024,11,10,7885,1535
1543,42,VIDEO,40,03/11/2023,16,10,6049,1216
1544,30,VIDEO,130,22/03/2023,17,10,3289,607
1545,27,VIDEO,256,16/05/2025,8,8,6052,1239
1546,20,NEWSLETTER,177,01/05/2024,6,3,3332,624
1547,29,VIDEO,32,24/03/2024,4,13,592,123
1548,50,SOCIALMEDIA,3,13/06/2024,3,2,371,67
1549,46,VIDEO,4,05/07/2023,5,11,354,67
1550,29,SOCIALMEDIA,65,07/02/2025,12,19,2213,421
1551,26,BLOG,268,05/07/2024,7,4,8707,1635
1552,27,VIDEO,67,27/05/2023,1,7,8590,1698
1553,24,SOCIALMEDIA,136,24/02/2025,17,5,3067,635
1554,15,BLOG,355,02/01/2025,5,1,7159,1492
1555,44,NEWSLETTER,35,06/02/2025,6,8,3431,650
1556,13,NEWSLETTER,87,21/11/2023,4,13,3646,678
1557,16,NEWSLETTER,165,21/06/2024,14,19,4803,986
1558,34,SOCIALMEDIA,106,10/12/2024,11,9,1633,336
1559,50,BLOG,19,18/01/2024,20,18,391,81
1560,38,VIDEO,74,15/03/2025,18,13,6015,1127
1561,8,SOCIALMEDIA,71,07/08/2024,14,11,8200,1691
1562,2,SOCIALMEDIA,3,03/10/2023,15,5,1276,266
1563,41,VIDEO,31,13/05/2024,20,8,3407,710
1564,6,NEWSLETTER,170,10/07/2025,15,14,6203,1290
1565,35,NEWSLETTER,104,30/08/2024,19,1,2453,503
1566,45,VIDEO,67,30/10/2023,18,14,1519,306
1567,24,SOCIALMEDIA,541,16/11/2024,14,2,8573,1671
1568,31,BLOG,140,30/11/2023,13,17,2898,563
1569,38,VIDEO,140,11/03/2024,12,4,2470,508
1570,18,BLOG,212,04/02/2023,3,20,7034,1318
1571,3,VIDEO,423,12/04/2025,4,5,6349,1283
1572,31,SOCIALMEDIA,189,23/01/2023,11,12,6024,1172
1573,10,VIDEO,72,08/03/2024,6,17,2657,505
1574,23,BLOG,241,03/09/2023,20,1,6132,1131
1575,27,BLOG,122,03/01/2025,19,16,3212,613
1576,28,SOCIALMEDIA,73,14/01/2025,11,10,5624,1065
1577,5,SOCIALMEDIA,20,03/03/2024,19,20,1742,322
1578,44,BLOG,3,27/07/2025,8,15,3701,741
1579,29,BLOG,36,16/12/2025,11,11,3642,712
1580,18,VIDEO,7,24/05/2023,10,15,793,147
1581,3,SOCIALMEDIA,311,20/06/2024,10,10,5406,1046
1582,31,NEWSLETTER,1,31/01/2024,12,1,1844,370
1583,2,NEWSLETTER,94,02/10/2024,10,17,6107,1227
1584,2,NEWSLETTER,214,20/08/2023,11,6,4562,846
1585,11,VIDEO,17,03/06/2025,1,6,724,133
1586,25,NEWSLETTER,176,17/05/2024,18,15,3961,749
1587,25,BLOG,406,26/10/2023,20,1,6682,1399
1588,35,VIDEO,1,03/04/2024,19,1,98,17
1589,25,BLOG,371,15/09/2023,3,13,6247,1253
1590,10,NEWSLETTER,91,05/08/2023,7,15,2662,556
1591,34,BLOG,13,17/04/2024,7,15,1700,324
1592,13,SOCIALMEDIA,62,04/12/2023,14,13,2094,391
1593,42,VIDEO,38,25/01/2025,5,13,1377,259
1594,33,NEWSLETTER,45,19/10/2023,7,12,3846,756
1595,50,VIDEO,162,06/05/2024,5,9,6693,1286
1596,28,NEWSLETTER,337,09/10/2024,4,2,5906,1171
1597,44,BLOG,48,14/05/2023,4,14,3487,665
1598,12,VIDEO,379,05/10/2025,3,13,5548,1156
1599,13,BLOG,370,16/07/2023,3,11,6927,1317
1600,10,NEWSLETTER,88,01/02/2023,3,19,4475,917
1601,12,NEWSLETTER,294,21/12/2023,8,11,4347,853
1602,22,SOCIALMEDIA,467,24/01/2023,16,4,8508,1696
1603,26,SOCIALMEDIA,24,23/09/2023,9,7,1309,248
1604,47,NEWSLETTER,98,22/01/2023,14,16,8916,1712
1605,12,BLOG,24,08/11/2024,7,3,693,135
1606,8,SOCIALMEDIA,63,11/02/2025,13,16,5723,1086
1607,15,VIDEO,1,04/10/2024,7,17,6763,1272
1608,27,BLOG,585,10/05/2023,11,3,8715,1759
1609,42,NEWSLETTER,375,01/10/2024,4,10,5738,1097
1610,9,BLOG,86,12/12/2023,10,3,4904,985
1611,9,BLOG,66,27/05/2024,7,6,2201,413
1612,24,BLOG,206,11/02/2025,8,4,7664,1591
1613,35,VIDEO,373,09/01/2024,20,19,8000,1640
1614,9,BLOG,23,15/10/2024,8,4,529,98
1615,4,VIDEO,19,27/05/2025,6,19,745,142
1616,24,BLOG,193,30/05/2025,2,20,4070,813
1617,46,SOCIALMEDIA,14,20/02/2024,19,17,4622,904
1618,49,NEWSLETTER,140,25/03/2025,8,16,3853,800
1619,23,BLOG,17,19/02/2023,12,2,897,180
1620,38,NEWSLETTER,518,20/01/2023,9,19,8029,1541
1621,24,BLOG,156,03/04/2025,20,20,7876,1590
1622,19,SOCIALMEDIA,553,21/11/2023,1,19,8386,1616
1623,39,NEWSLETTER,241,21/02/2023,7,15,5954,1093
1624,10,VIDEO,76,10/07/2023,4,10,1332,246
1625,42,VIDEO,235,06/07/2025,20,17,3645,724
1626,30,NEWSLETTER,41,24/05/2023,3,2,1732,350
1627,45,SOCIALMEDIA,162,11/01/2024,4,20,5655,1148
1628,36,VIDEO,21,25/05/2025,4,9,6832,1425
1629,17,NEWSLETTER,92,01/07/2023,5,6,7821,1613
1630,14,SOCIALMEDIA,167,19/05/2024,19,20,8372,1535
1631,12,VIDEO,54,31/03/2023,8,3,1368,254
1632,16,NEWSLETTER,31,01/08/2023,1,18,561,104
1633,36,BLOG,32,29/02/2024,8,1,2464,449
1634,7,SOCIALMEDIA,102,02/04/2024,13,19,8849,1678
1635,44,VIDEO,48,08/08/2024,19,2,1349,269
1636,27,BLOG,72,06/04/2024,1,17,5338,977
1637,9,NEWSLETTER,65,25/02/2023,6,17,1884,353
1638,3,NEWSLETTER,232,08/02/2025,15,20,3465,704
1639,5,BLOG,54,30/03/2023,16,16,2650,482
1640,6,BLOG,11,16/04/2025,13,16,2479,471
1641,29,SOCIALMEDIA,213,27/06/2024,7,16,7153,1498
1642,6,SOCIALMEDIA,60,18/12/2025,12,10,1085,221
1643,36,VIDEO,330,30/11/2025,11,8,5440,1060
1644,37,BLOG,285,02/02/2024,8,19,5652,1019
1645,49,BLOG,58,18/12/2025,12,17,2817,548
1646,20,VIDEO,8,11/02/2024,17,6,142,28
1647,34,NEWSLETTER,19,16/09/2025,1,7,794,163
1648,34,BLOG,137,31/01/2024,1,11,4365,787
1649,20,NEWSLETTER,328,26/07/2024,6,1,6484,1248
1650,7,BLOG,178,06/11/2023,2,4,2909,590
1651,47,VIDEO,258,04/02/2024,11,14,3834,743
1652,34,VIDEO,440,02/06/2025,3,11,6370,1328
1653,28,VIDEO,63,19/07/2025,6,15,3433,644
1654,1,SOCIALMEDIA,300,22/11/2023,20,6,6662,1379
1655,26,NEWSLETTER,164,19/06/2024,11,16,5912,1123
1656,2,NEWSLETTER,72,10/02/2023,11,3,1281,255
1657,3,BLOG,167,26/12/2023,19,10,3317,661
1658,7,SOCIALMEDIA,8,28/06/2024,11,11,2139,398
1659,31,NEWSLETTER,221,18/09/2025,16,17,4407,845
1660,49,BLOG,174,15/12/2025,2,20,4833,988
1661,50,SOCIALMEDIA,21,22/01/2025,15,15,3730,742
1662,46,SOCIALMEDIA,214,17/06/2023,1,11,6538,1367
1663,8,SOCIALMEDIA,44,11/06/2023,14,7,3106,643
1664,34,SOCIALMEDIA,176,07/06/2024,20,18,7113,1460
1665,21,NEWSLETTER,237,23/02/2023,13,7,3813,692
1666,20,BLOG,366,31/03/2023,11,4,8214,1649
1667,17,NEWSLETTER,87,17/04/2025,6,20,2804,581
1668,13,BLOG,16,15/06/2024,5,18,343,70
1669,44,SOCIALMEDIA,59,13/08/2025,9,9,2270,436
1670,48,NEWSLETTER,38,18/12/2024,16,13,4605,958
1671,38,BLOG,272,28/05/2023,7,8,5120,1067
1672,6,VIDEO,129,12/11/2025,8,2,2879,537
1673,11,SOCIALMEDIA,116,13/06/2024,1,14,6751,1323
1674,33,NEWSLETTER,1,20/06/2025,13,17,795,163
1675,38,SOCIALMEDIA,154,20/10/2025,12,17,3136,596
1676,6,SOCIALMEDIA,273,12/07/2023,13,8,5565,1167
1677,29,VIDEO,106,22/06/2023,6,10,6384,1214
1678,42,VIDEO,102,15/02/2024,9,2,5395,1005
1679,4,BLOG,284,25/04/2023,7,3,8918,1638
1680,9,BLOG,50,29/06/2025,14,2,4746,882
1681,12,SOCIALMEDIA,16,04/03/2023,5,2,1643,300
1682,6,SOCIALMEDIA,77,09/04/2023,17,18,3694,750
1683,17,BLOG,36,17/05/2024,11,17,2078,382
1684,44,NEWSLETTER,21,03/03/2023,13,8,2040,387
1685,46,BLOG,23,14/03/2025,2,13,545,110
1686,11,SOCIALMEDIA,37,13/03/2024,20,18,698,137
1687,5,NEWSLETTER,92,14/05/2023,12,6,3955,731
1688,13,NEWSLETTER,229,31/03/2025,14,6,3768,698
1689,7,BLOG,163,30/03/2023,2,16,4264,889
1690,14,NEWSLETTER,25,13/10/2024,17,14,3219,658
1691,1,BLOG,23,06/11/2023,10,17,8155,1665
1692,9,NEWSLETTER,145,30/03/2023,6,3,2955,616
1693,32,BLOG,172,24/06/2023,17,9,4579,834
1694,46,BLOG,118,25/03/2023,6,18,8053,1561
1695,22,NEWSLETTER,39,26/11/2024,7,8,5525,1023
1696,34,NEWSLETTER,112,07/01/2024,10,16,7385,1447
1697,21,NEWSLETTER,160,02/03/2023,3,8,7728,1469
1698,16,BLOG,7,16/09/2023,9,14,5287,1097
1699,35,NEWSLETTER,74,05/08/2025,14,6,5003,1036
1700,18,VIDEO,172,22/03/2025,3,5,5117,1066
1701,29,BLOG,105,13/04/2023,15,5,6026,1126
1702,48,BLOG,78,14/11/2023,9,15,1611,291
1703,39,NEWSLETTER,16,20/06/2024,10,20,461,89
1704,13,SOCIALMEDIA,1,25/09/2025,9,9,52,10
1705,18,NEWSLETTER,14,17/05/2025,7,18,994,206
1706,46,NEWSLETTER,49,02/03/2024,13,19,962,182
1707,25,BLOG,70,03/09/2023,20,3,1408,275
1708,47,SOCIALMEDIA,2,04/01/2023,12,12,52,9
1709,15,NEWSLETTER,11,25/02/2025,14,6,3719,693
1710,20,BLOG,29,26/11/2025,3,14,616,116
1711,36,VIDEO,149,27/04/2025,8,19,3422,629
1712,19,NEWSLETTER,161,22/03/2025,10,20,6787,1311
1713,45,BLOG,118,22/09/2023,15,16,2425,488
1714,48,VIDEO,24,24/02/2025,12,5,8902,1742
1715,39,BLOG,37,07/07/2025,7,17,966,200
1716,41,SOCIALMEDIA,34,17/06/2023,6,1,756,144
1717,26,NEWSLETTER,12,14/08/2023,18,1,7650,1430
1718,15,SOCIALMEDIA,8,09/08/2024,2,1,285,51
1719,6,VIDEO,105,10/07/2024,13,15,1974,405
1720,2,BLOG,119,02/10/2023,1,14,4171,872
1721,2,NEWSLETTER,247,17/11/2023,2,16,4164,790
1722,49,NEWSLETTER,160,27/02/2023,12,17,6940,1302
1723,28,VIDEO,33,23/12/2024,10,18,6780,1394
1724,25,SOCIALMEDIA,6,05/01/2025,16,2,102,19
1725,41,BLOG,4,10/01/2025,3,10,1476,294
1726,2,NEWSLETTER,185,09/08/2024,17,19,2760,566
1727,30,VIDEO,233,30/01/2024,13,20,3929,802
1728,28,VIDEO,3,23/01/2025,2,16,233,43
1729,12,NEWSLETTER,190,14/09/2025,2,17,6817,1300
1730,15,NEWSLETTER,47,19/01/2024,7,11,4106,836
1731,36,VIDEO,42,13/05/2025,13,15,1506,272
1732,2,SOCIALMEDIA,22,22/08/2025,5,20,1994,417
1733,11,VIDEO,392,23/02/2025,10,9,5905,1193
1734,25,NEWSLETTER,10,20/08/2023,20,12,2943,573
1735,21,SOCIALMEDIA,234,27/11/2024,4,6,4485,875
1736,41,NEWSLETTER,193,21/12/2024,11,2,3699,745
1737,50,BLOG,305,07/05/2024,4,12,8533,1657
1738,30,SOCIALMEDIA,480,27/04/2024,17,14,7548,1456
1739,4,BLOG,36,15/04/2023,12,12,1060,208
1740,47,BLOG,519,10/07/2024,2,3,8063,1601
1741,30,BLOG,253,20/05/2025,20,20,7005,1449
1742,45,VIDEO,34,04/09/2024,5,12,688,142
1743,38,BLOG,95,20/11/2024,14,11,1686,316
1744,1,NEWSLETTER,18,07/03/2025,6,2,3893,717
1745,30,SOCIALMEDIA,20,19/09/2024,12,7,2092,428
1746,41,BLOG,482,23/07/2024,19,8,7256,1498
1747,37,SOCIALMEDIA,359,15/08/2025,13,10,6558,1348
1748,18,BLOG,36,01/11/2024,19,12,908,168
1749,26,NEWSLETTER,101,28/01/2024,4,6,6651,1390
1750,20,BLOG,64,31/10/2025,19,12,6480,1296
1751,37,NEWSLETTER,192,04/10/2024,7,6,8447,1690
1752,15,NEWSLETTER,62,26/09/2024,3,14,8701,1769
1753,2,SOCIALMEDIA,262,14/09/2025,5,20,6810,1423
1754,4,BLOG,194,23/08/2025,5,8,8474,1734
1755,40,BLOG,74,05/08/2024,14,14,1911,348
1756,13,BLOG,87,05/07/2024,11,5,2778,549
1757,13,BLOG,380,18/12/2023,19,3,7516,1548
1758,18,VIDEO,21,12/10/2024,16,6,7502,1512
1759,48,BLOG,1,05/08/2023,20,13,587,108
1760,29,SOCIALMEDIA,281,29/08/2025,12,10,5092,1041
1761,49,SOCIALMEDIA,160,14/07/2024,12,12,4356,844
1762,38,BLOG,56,21/04/2025,17,10,1102,212
1763,13,NEWSLETTER,474,03/08/2024,2,9,6901,1416
1764,30,BLOG,95,14/03/2025,7,14,3437,695
1765,15,SOCIALMEDIA,15,17/12/2024,15,13,4988,1038
1766,22,NEWSLETTER,122,27/08/2023,15,14,5511,1109
1767,34,SOCIALMEDIA,383,05/03/2025,14,4,7939,1590
1768,37,VIDEO,77,24/03/2023,3,16,5988,1083
1769,26,BLOG,184,11/11/2023,13,12,6527,1344
1770,45,SOCIALMEDIA,59,15/12/2025,13,8,1966,405
1771,4,SOCIALMEDIA,82,06/02/2024,3,16,1676,326
1772,27,NEWSLETTER,174,27/02/2024,17,1,7777,1424
1773,4,BLOG,14,15/07/2025,8,14,3037,632
1774,18,SOCIALMEDIA,167,10/05/2024,14,12,7825,1582
1775,11,BLOG,40,31/08/2025,2,1,1809,354
1776,3,NEWSLETTER,34,18/11/2023,16,8,1170,221
1777,48,VIDEO,47,20/10/2025,19,17,780,140
1778,28,VIDEO,84,30/12/2024,3,14,1854,353
1779,25,VIDEO,382,01/09/2024,8,15,6658,1263
1780,16,NEWSLETTER,56,11/08/2025,16,2,5020,1005
1781,44,SOCIALMEDIA,158,12/11/2025,1,1,4866,989
1782,12,VIDEO,14,21/07/2024,1,12,666,120
1783,12,SOCIALMEDIA,140,06/04/2025,20,19,2906,564
1784,26,NEWSLETTER,35,29/07/2023,1,10,6208,1199
1785,46,VIDEO,440,06/07/2023,7,7,7745,1545
1786,46,NEWSLETTER,73,09/10/2024,19,2,3755,682
1787,19,VIDEO,514,08/04/2025,3,2,7583,1589
1788,9,VIDEO,79,14/10/2023,1,8,4917,907
1789,47,VIDEO,349,08/04/2023,19,2,7848,1465
1790,15,VIDEO,187,23/12/2025,10,20,4077,778
1791,5,VIDEO,29,11/10/2024,7,12,470,90
1792,42,NEWSLETTER,302,02/04/2024,9,7,4637,931
1793,20,SOCIALMEDIA,69,27/10/2023,5,18,5571,1115
1794,21,NEWSLETTER,187,10/06/2023,16,12,4174,845
1795,1,VIDEO,52,18/01/2025,4,14,2746,547
1796,1,BLOG,273,19/06/2024,20,16,8484,1661
1797,1,SOCIALMEDIA,213,18/05/2023,6,6,3775,771
1798,24,NEWSLETTER,5,04/11/2025,5,14,595,108
1799,35,SOCIALMEDIA,259,08/10/2023,11,2,5539,1025
1800,41,SOCIALMEDIA,40,29/04/2024,5,16,3910,755
1801,9,NEWSLETTER,177,17/09/2025,15,4,3212,588
1802,7,NEWSLETTER,10,08/10/2024,12,19,2387,468
1803,3,SOCIALMEDIA,33,03/12/2024,11,9,4411,840
1804,21,VIDEO,279,21/09/2023,13,18,8661,1754
1805,30,NEWSLETTER,63,03/11/2023,4,10,2752,526
1806,22,VIDEO,55,12/04/2025,15,10,2139,418
1807,48,NEWSLETTER,67,03/01/2023,17,10,3323,669
1808,11,NEWSLETTER,11,20/04/2023,9,8,293,55
1809,50,BLOG,26,08/03/2025,18,5,3251,681
1810,14,NEWSLETTER,102,06/12/2023,16,16,1702,319
1811,32,SOCIALMEDIA,40,05/09/2023,6,19,3711,755
1812,21,SOCIALMEDIA,89,23/02/2025,13,7,8028,1541
1813,42,BLOG,9,27/03/2023,4,1,672,131
1814,38,SOCIALMEDIA,122,06/01/2025,8,13,4913,949
1815,26,NEWSLETTER,207,08/02/2023,6,1,5828,1102
1816,12,SOCIALMEDIA,95,20/04/2025,14,3,8821,1727
1817,3,SOCIALMEDIA,66,17/05/2023,16,9,6515,1286
1818,30,BLOG,44,18/09/2023,7,17,3708,697
1819,11,NEWSLETTER,56,20/12/2023,13,1,1647,318
1820,27,SOCIALMEDIA,1,02/12/2024,10,9,119,24
1821,4,SOCIALMEDIA,10,29/08/2025,4,7,187,36
1822,8,BLOG,547,04/04/2025,7,11,8484,1660
1823,44,VIDEO,93,18/03/2024,19,18,4380,792
1824,46,SOCIALMEDIA,277,16/05/2025,18,9,8103,1553
1825,49,SOCIALMEDIA,422,20/01/2023,17,14,7461,1508
1826,46,VIDEO,49,29/07/2023,14,13,3662,764
1827,6,VIDEO,22,14/03/2024,4,20,356,67
1828,19,SOCIALMEDIA,57,19/06/2023,3,1,4494,811
1829,15,NEWSLETTER,165,17/07/2024,11,20,2779,581
1830,2,SOCIALMEDIA,368,06/03/2023,3,19,7981,1460
1831,15,BLOG,77,27/05/2024,6,5,7809,1518
1832,24,SOCIALMEDIA,123,28/01/2025,4,12,2733,502
1833,18,NEWSLETTER,36,28/04/2024,17,15,2767,572
1834,22,SOCIALMEDIA,417,13/06/2023,15,14,6999,1456
1835,37,VIDEO,6,10/08/2025,5,3,1897,381
1836,18,VIDEO,18,07/05/2024,14,9,1194,216
1837,23,BLOG,24,04/09/2024,14,13,446,81
1838,45,SOCIALMEDIA,12,07/10/2024,9,8,246,49
1839,49,NEWSLETTER,102,26/11/2023,14,11,4975,951
1840,7,SOCIALMEDIA,148,10/09/2025,12,10,7059,1481
1841,24,SOCIALMEDIA,67,09/07/2025,13,12,1688,314
1842,23,NEWSLETTER,90,02/01/2024,11,6,7777,1502
1843,21,VIDEO,12,02/02/2024,6,10,1117,225
1844,30,SOCIALMEDIA,154,28/02/2024,13,3,2852,519
1845,22,SOCIALMEDIA,71,20/09/2023,7,7,4636,922
1846,41,NEWSLETTER,60,26/06/2024,6,11,1578,305
1847,36,NEWSLETTER,159,10/05/2023,16,12,7475,1536
1848,4,SOCIALMEDIA,0,02/10/2023,5,6,5812,1148
1849,31,VIDEO,27,23/11/2025,18,1,5000,919
1850,49,NEWSLETTER,256,02/05/2025,10,20,4230,836
1851,13,NEWSLETTER,58,03/08/2025,6,16,5147,952
1852,12,VIDEO,31,03/06/2024,14,3,1214,229
1853,45,NEWSLETTER,133,26/12/2025,15,18,7457,1501
1854,36,SOCIALMEDIA,45,09/10/2023,2,13,5623,1019
1855,14,BLOG,35,30/04/2024,2,6,777,152
1856,24,VIDEO,429,17/12/2023,11,3,7412,1520
1857,22,NEWSLETTER,176,22/06/2025,18,12,7398,1373
1858,36,BLOG,216,23/01/2024,8,10,5684,1159
1859,50,VIDEO,489,08/09/2025,18,4,7930,1480
1860,42,NEWSLETTER,186,11/05/2023,6,7,7155,1466
1861,50,VIDEO,185,17/01/2023,10,10,7284,1376
1862,49,BLOG,4,19/11/2024,7,11,1201,220
1863,47,SOCIALMEDIA,425,14/09/2023,17,2,8746,1729
1864,16,BLOG,56,28/08/2023,3,14,2023,366
1865,26,BLOG,32,24/12/2024,7,16,8042,1454
1866,18,VIDEO,64,02/07/2024,11,3,8796,1648
1867,36,SOCIALMEDIA,255,13/10/2024,12,3,6295,1183
1868,35,SOCIALMEDIA,347,02/03/2025,1,4,5339,1103
1869,4,SOCIALMEDIA,387,17/10/2023,19,3,8769,1647
1870,49,BLOG,137,12/07/2023,16,20,5389,1094
1871,39,VIDEO,298,03/12/2023,10,19,8618,1765
1872,6,BLOG,59,30/09/2025,5,6,2485,447
1873,24,VIDEO,363,16/05/2025,12,11,5481,1105
1874,1,BLOG,38,14/10/2023,12,14,2831,516
1875,39,VIDEO,565,06/04/2023,12,2,8454,1738
1876,42,BLOG,353,10/07/2024,9,19,6058,1095
1877,40,NEWSLETTER,71,12/12/2023,14,6,3020,590
1878,30,BLOG,37,30/11/2025,14,1,3997,825
1879,26,SOCIALMEDIA,5,08/05/2025,10,12,6116,1215
1880,34,BLOG,193,15/09/2023,6,4,4092,822
1881,28,VIDEO,202,30/11/2023,7,4,7458,1551
1882,41,BLOG,12,11/04/2023,12,5,4209,829
1883,10,NEWSLETTER,36,03/06/2025,4,6,913,173
1884,24,BLOG,500,22/07/2023,20,10,7638,1592
1885,6,BLOG,89,05/05/2025,15,6,2667,492
1886,48,SOCIALMEDIA,9,26/02/2023,3,9,391,75
1887,30,VIDEO,367,03/06/2023,18,14,7894,1514
1888,35,BLOG,300,11/07/2025,17,1,4706,887
1889,2,BLOG,57,10/11/2024,17,10,2667,533
1890,26,VIDEO,1,14/12/2024,5,13,829,152
1891,9,NEWSLETTER,429,04/05/2023,18,10,6891,1272
1892,15,SOCIALMEDIA,300,10/04/2024,9,8,5885,1167
1893,12,BLOG,86,23/11/2023,19,3,7580,1396
1894,49,NEWSLETTER,20,15/03/2025,5,9,3904,762
1895,16,SOCIALMEDIA,184,20/11/2023,8,4,3721,756
1896,7,SOCIALMEDIA,184,13/02/2024,16,17,5604,1070
1897,41,NEWSLETTER,50,05/09/2024,19,4,3562,715
1898,17,VIDEO,352,04/07/2023,1,16,7566,1481
1899,13,SOCIALMEDIA,101,08/03/2025,8,10,2274,423
1900,36,SOCIALMEDIA,131,16/06/2024,9,18,3393,632
1901,50,NEWSLETTER,282,15/10/2023,3,5,7394,1480
1902,25,VIDEO,15,17/06/2025,2,1,2359,484
1903,22,SOCIALMEDIA,169,11/12/2024,2,2,2833,590
1904,11,SOCIALMEDIA,151,10/02/2024,8,10,4102,789
1905,41,BLOG,209,05/08/2024,3,1,7381,1487
1906,30,VIDEO,14,12/07/2025,17,20,410,78
1907,10,SOCIALMEDIA,13,22/10/2025,12,15,2375,464
1908,20,VIDEO,33,06/10/2025,5,5,1209,253
1909,30,VIDEO,267,23/09/2024,13,5,6332,1292
1910,6,SOCIALMEDIA,231,03/09/2023,8,1,6041,1122
1911,47,NEWSLETTER,202,16/02/2023,3,18,4074,762
1912,27,SOCIALMEDIA,63,07/06/2024,2,1,5695,1188
1913,46,VIDEO,83,01/08/2025,11,7,2197,407
1914,25,NEWSLETTER,12,09/01/2025,18,20,1836,351
1915,44,SOCIALMEDIA,222,22/10/2023,2,5,5381,1066
1916,34,VIDEO,91,08/03/2025,4,15,6030,1093
1917,45,VIDEO,79,09/03/2023,19,12,4862,935
1918,30,SOCIALMEDIA,6,19/01/2023,9,6,321,65
1919,31,NEWSLETTER,59,26/05/2023,15,15,5995,1145
1920,45,VIDEO,200,29/05/2025,11,15,3313,694
1921,35,BLOG,305,30/10/2024,4,8,6531,1317
1922,36,NEWSLETTER,171,12/08/2023,4,19,4841,896
1923,27,NEWSLETTER,41,11/05/2025,15,9,1990,396
1924,31,VIDEO,261,21/01/2025,1,5,7728,1602
1925,45,NEWSLETTER,273,21/03/2024,9,16,5958,1204
1926,9,SOCIALMEDIA,102,04/09/2023,17,16,2624,491
1927,11,NEWSLETTER,31,11/03/2023,15,1,484,101
1928,27,NEWSLETTER,186,04/01/2025,1,17,5997,1214
1929,3,VIDEO,6,31/03/2025,14,7,97,19
1930,9,VIDEO,197,29/08/2024,16,7,8695,1656
1931,33,NEWSLETTER,159,23/11/2025,3,15,5288,1006
1932,20,SOCIALMEDIA,158,10/04/2023,5,16,2963,599
1933,9,VIDEO,367,19/07/2024,11,8,8951,1626
1934,16,VIDEO,382,02/06/2024,13,17,7189,1309
1935,20,SOCIALMEDIA,63,13/10/2023,1,16,2660,557
1936,11,BLOG,68,09/09/2024,2,7,1743,331
1937,26,BLOG,164,14/02/2024,13,4,4678,947
1938,39,NEWSLETTER,103,01/01/2023,5,9,5970,1100
1939,45,BLOG,208,02/02/2025,10,9,6094,1108
1940,41,SOCIALMEDIA,61,24/08/2025,15,14,2774,505
1941,28,BLOG,30,20/11/2025,16,14,4366,856
1942,4,VIDEO,77,13/03/2025,18,10,2222,441
1943,18,NEWSLETTER,299,22/02/2023,10,18,6997,1469
1944,18,BLOG,8,01/07/2025,11,17,775,158
1945,18,NEWSLETTER,124,07/09/2024,20,12,3970,805
1946,49,BLOG,358,12/09/2023,17,18,6901,1295
1947,46,BLOG,249,12/12/2025,3,18,8639,1675
1948,43,NEWSLETTER,25,23/09/2023,18,2,497,103
1949,37,VIDEO,64,25/09/2023,4,11,5685,1127
1950,50,BLOG,510,28/08/2025,12,5,8599,1577
1951,33,NEWSLETTER,16,14/07/2025,12,18,2401,495
1952,11,SOCIALMEDIA,207,15/08/2025,8,1,3621,653
1953,28,VIDEO,53,09/05/2025,18,16,2725,511
1954,20,BLOG,269,03/01/2023,1,17,5894,1088
1955,21,SOCIALMEDIA,13,31/05/2025,15,17,1304,272
1956,36,NEWSLETTER,18,05/11/2024,6,3,721,145
1957,14,SOCIALMEDIA,294,07/10/2025,12,4,4730,900
1958,18,NEWSLETTER,134,19/09/2023,16,14,5410,980
1959,16,BLOG,0,09/01/2024,9,10,2617,483
1960,18,BLOG,136,09/07/2024,3,2,5945,1246
1961,42,SOCIALMEDIA,120,11/05/2024,4,19,6579,1229
1962,47,NEWSLETTER,110,22/06/2023,9,6,1780,358
1963,19,VIDEO,126,16/02/2024,14,9,1960,407
1964,13,BLOG,1,06/11/2025,18,14,7688,1419
1965,39,NEWSLETTER,149,08/07/2025,19,20,4656,862
1966,16,BLOG,101,10/10/2024,10,15,3296,636
1967,32,SOCIALMEDIA,179,22/02/2024,9,13,7385,1457
1968,9,VIDEO,90,05/04/2023,20,4,3188,588
1969,1,VIDEO,504,30/08/2025,10,5,8417,1602
1970,5,VIDEO,323,31/10/2024,3,10,8179,1473
1971,43,NEWSLETTER,2,11/12/2023,4,19,223,45
1972,18,SOCIALMEDIA,137,07/03/2023,4,6,2160,421
1973,11,NEWSLETTER,30,23/05/2023,11,12,1081,217
1974,17,VIDEO,110,02/11/2024,3,13,2165,391
1975,42,NEWSLETTER,24,02/06/2023,12,18,934,181
1976,42,VIDEO,233,13/04/2025,15,5,3361,679
1977,13,VIDEO,37,05/03/2023,2,20,8381,1542
1978,3,NEWSLETTER,71,29/11/2024,6,6,1122,209
1979,12,VIDEO,69,26/11/2023,5,19,1136,234
1980,2,NEWSLETTER,23,01/05/2023,1,6,1027,188
1981,45,NEWSLETTER,34,23/04/2025,8,16,4043,729
1982,45,VIDEO,24,08/12/2023,4,6,2198,450
1983,16,VIDEO,30,15/04/2024,20,1,3357,646
1984,22,NEWSLETTER,54,31/07/2024,1,3,7182,1416
1985,41,SOCIALMEDIA,144,26/06/2024,6,11,4671,880
1986,46,VIDEO,32,27/10/2023,17,19,5853,1123
1987,49,VIDEO,194,01/04/2025,19,12,5647,1125
1988,10,NEWSLETTER,411,10/10/2023,13,1,6290,1188
1989,50,VIDEO,58,07/04/2025,18,18,6490,1225
1990,29,NEWSLETTER,32,12/04/2024,18,4,874,176
1991,13,VIDEO,148,17/06/2023,4,6,5545,1126
1992,41,VIDEO,0,28/07/2023,13,1,69,13
1993,12,BLOG,73,08/08/2025,12,4,2819,527
1994,49,SOCIALMEDIA,442,22/07/2024,18,15,7084,1454
1995,1,BLOG,73,27/09/2025,19,10,4211,814
1996,20,VIDEO,259,11/09/2023,5,6,6897,1411
1997,2,SOCIALMEDIA,201,15/03/2023,2,4,8859,1818
1998,47,SOCIALMEDIA,7,28/05/2024,6,7,733,150
1999,34,NEWSLETTER,182,23/10/2024,16,14,3227,650
2000,11,SOCIALMEDIA,177,27/06/2024,9,5,3491,660
2001,45,NEWSLETTER,14,24/08/2025,5,18,4671,917
2002,49,NEWSLETTER,31,07/04/2024,15,6,2845,591
2003,5,VIDEO,191,22/09/2025,12,15,6577,1202
2004,20,SOCIALMEDIA,7,29/09/2024,10,5,3264,599
2005,44,BLOG,53,12/04/2025,3,11,5927,1134
2006,35,VIDEO,348,12/09/2025,5,15,6937,1357
2007,23,VIDEO,170,08/11/2025,8,20,2609,491
2008,10,BLOG,16,30/11/2023,16,2,658,123
2009,14,VIDEO,131,05/11/2023,2,13,3520,737
2010,37,SOCIALMEDIA,38,22/02/2025,16,3,1124,225
2011,28,SOCIALMEDIA,49,24/05/2025,20,19,3854,740
2012,48,VIDEO,70,03/05/2024,1,3,3741,695
2013,23,NEWSLETTER,176,06/03/2023,9,3,2836,512
2014,17,BLOG,116,18/12/2025,20,12,2114,387
2015,1,VIDEO,25,06/11/2023,20,3,3754,745
2016,9,VIDEO,20,17/05/2025,19,10,907,166
2017,11,BLOG,253,16/08/2025,14,13,4880,903
2018,4,BLOG,141,22/11/2024,4,11,2889,534
2019,41,SOCIALMEDIA,386,05/04/2024,5,8,7368,1519
2020,6,SOCIALMEDIA,26,01/09/2023,9,3,620,112
2021,33,BLOG,181,27/12/2024,8,18,2975,588
2022,23,SOCIALMEDIA,531,02/08/2025,14,7,8343,1645
2023,47,NEWSLETTER,65,30/01/2024,14,16,4690,964
2024,22,NEWSLETTER,97,26/07/2023,15,20,2736,552
2025,12,BLOG,179,28/12/2024,3,5,4054,743
2026,2,BLOG,366,09/01/2025,3,3,8012,1456
2027,40,BLOG,348,24/10/2025,4,4,6485,1240
2028,17,BLOG,42,26/08/2024,14,3,4667,931
2029,42,BLOG,219,16/06/2024,16,11,7085,1463
2030,38,BLOG,110,05/05/2025,10,15,8481,1549
2031,7,NEWSLETTER,70,30/11/2025,14,11,1247,236
2032,46,BLOG,33,01/03/2023,12,3,4934,982
2033,45,SOCIALMEDIA,3,05/01/2024,3,12,539,110
2034,3,BLOG,441,10/10/2023,3,7,6532,1360
2035,1,NEWSLETTER,183,22/01/2023,20,2,8232,1578
2036,13,BLOG,354,14/10/2025,10,9,5443,1141
2037,2,SOCIALMEDIA,359,21/08/2024,6,17,5441,1062
2038,23,SOCIALMEDIA,389,29/12/2025,19,7,8555,1588
2039,19,SOCIALMEDIA,28,12/11/2024,17,8,541,103
2040,45,VIDEO,217,21/08/2023,4,3,4049,765
2041,37,SOCIALMEDIA,95,08/11/2024,20,3,3371,622
2042,40,VIDEO,17,29/11/2023,18,17,2610,479
2043,16,NEWSLETTER,46,24/04/2023,6,8,3477,652
2044,25,SOCIALMEDIA,17,30/03/2023,13,7,7760,1463
2045,26,BLOG,35,02/04/2023,17,15,903,164
2046,36,VIDEO,404,11/11/2025,4,10,6807,1233
2047,49,SOCIALMEDIA,45,06/10/2024,9,12,1018,205
2048,20,VIDEO,425,17/04/2025,5,3,7620,1597
2049,8,SOCIALMEDIA,109,26/07/2024,15,17,3478,677
2050,5,BLOG,307,17/03/2023,7,12,6367,1182
2051,31,BLOG,248,22/07/2024,13,17,8532,1786
2052,17,SOCIALMEDIA,436,19/05/2023,16,12,8897,1645
2053,34,NEWSLETTER,197,28/08/2025,17,16,5484,1047
2054,1,BLOG,326,10/07/2023,16,18,5814,1171
2055,12,BLOG,398,07/11/2024,8,4,7730,1475
2056,18,NEWSLETTER,37,31/07/2024,7,5,6901,1273
2057,47,BLOG,130,03/10/2023,19,20,2845,549
2058,13,VIDEO,603,14/11/2024,11,9,8767,1770
2059,4,SOCIALMEDIA,343,31/01/2024,17,14,5983,1193
2060,37,VIDEO,168,14/06/2025,17,8,3987,777
2061,10,NEWSLETTER,230,12/06/2025,7,2,8847,1603
2062,30,VIDEO,89,13/05/2025,6,17,4068,771
2063,17,NEWSLETTER,224,07/05/2023,15,14,5466,1036
2064,32,BLOG,315,01/02/2025,10,6,8010,1569
2065,46,BLOG,231,11/11/2023,2,12,8559,1687
2066,32,SOCIALMEDIA,287,14/08/2024,10,10,6515,1356
2067,32,NEWSLETTER,108,14/05/2024,20,2,4486,907
2068,22,NEWSLETTER,60,13/03/2023,20,5,2023,385
2069,11,NEWSLETTER,315,15/09/2025,7,7,6828,1421
2070,5,SOCIALMEDIA,97,15/04/2024,2,10,3185,593
2071,6,BLOG,214,01/03/2025,10,10,6975,1399
2072,15,VIDEO,122,30/06/2023,13,11,3160,626
2073,38,VIDEO,220,22/09/2023,5,20,4314,802
2074,15,BLOG,121,07/03/2025,8,14,5316,990
2075,35,VIDEO,30,11/09/2024,9,9,2140,422
2076,10,NEWSLETTER,376,29/05/2025,12,7,6045,1131
2077,41,BLOG,188,19/08/2025,6,6,8274,1619
2078,27,NEWSLETTER,88,01/09/2025,10,7,6526,1363
2079,42,VIDEO,35,31/12/2024,7,7,3786,713
2080,37,SOCIALMEDIA,55,30/06/2025,14,5,4786,959
2081,16,NEWSLETTER,44,15/11/2023,14,20,2214,442
2082,12,VIDEO,211,16/10/2024,13,3,4535,948
2083,47,NEWSLETTER,152,04/02/2024,8,1,4339,875
2084,4,BLOG,13,15/07/2023,15,3,1003,199
2085,45,SOCIALMEDIA,30,01/12/2023,5,1,985,200
2086,15,SOCIALMEDIA,163,19/12/2025,11,2,2517,502
2087,28,BLOG,159,18/11/2025,1,2,5324,1089
2088,24,SOCIALMEDIA,27,05/11/2023,12,14,504,97
2089,38,VIDEO,236,02/07/2023,4,11,4168,779
2090,3,NEWSLETTER,4,28/07/2025,8,5,2730,517
2091,22,VIDEO,2,20/08/2023,19,17,295,59
2092,45,VIDEO,89,07/09/2025,6,16,4359,791
2093,43,NEWSLETTER,470,15/10/2023,14,17,8327,1693
2094,46,BLOG,245,07/12/2024,8,11,6688,1259
2095,9,BLOG,69,12/06/2024,8,11,2271,456
2096,50,BLOG,23,18/08/2025,19,7,1813,340
2097,34,SOCIALMEDIA,80,13/05/2024,9,17,8123,1549
2098,3,NEWSLETTER,225,07/05/2024,12,12,4202,850
2099,25,SOCIALMEDIA,27,05/09/2023,10,7,3037,554
2100,3,SOCIALMEDIA,38,05/11/2023,16,18,1908,377
2101,6,SOCIALMEDIA,291,15/08/2024,18,18,4170,848
2102,5,SOCIALMEDIA,209,21/02/2024,9,15,4136,828
2103,35,VIDEO,124,26/05/2023,16,16,5589,1125
2104,39,NEWSLETTER,40,20/09/2025,9,5,1086,213
2105,36,VIDEO,256,21/11/2024,19,10,6685,1331
2106,40,BLOG,1,10/06/2024,12,6,6904,1310
2107,39,VIDEO,58,09/03/2025,20,11,1400,283
2108,38,VIDEO,97,17/03/2025,7,1,1491,290
2109,19,NEWSLETTER,37,28/07/2023,3,20,1412,288
2110,13,BLOG,19,24/06/2025,18,5,5636,1147
2111,25,NEWSLETTER,366,27/09/2025,15,9,8773,1723
2112,1,BLOG,85,12/02/2024,17,18,2557,530
2113,34,NEWSLETTER,98,04/12/2025,8,3,5820,1088
2114,45,VIDEO,198,09/08/2023,15,2,6305,1252
2115,27,BLOG,127,19/01/2023,9,9,6881,1409
2116,24,BLOG,52,14/02/2025,8,15,1087,196
2117,37,VIDEO,4,29/04/2024,4,10,809,163
2118,47,SOCIALMEDIA,313,15/11/2025,9,7,8980,1694
2119,24,VIDEO,74,26/04/2025,17,4,6809,1379
2120,21,BLOG,97,03/06/2024,18,7,2002,400
2121,15,NEWSLETTER,132,28/03/2023,20,14,3274,655
2122,10,VIDEO,128,06/10/2024,10,19,8381,1625
2123,21,VIDEO,195,22/12/2025,8,19,6320,1315
2124,23,SOCIALMEDIA,186,24/11/2025,8,19,3170,626
2125,1,SOCIALMEDIA,350,25/12/2025,2,17,5459,1083
2126,21,SOCIALMEDIA,143,18/11/2025,7,6,3104,560
2127,13,SOCIALMEDIA,201,14/10/2024,17,6,6801,1334
2128,36,NEWSLETTER,26,10/04/2025,14,15,3827,711
2129,21,NEWSLETTER,279,18/04/2023,5,1,5574,1051
2130,10,SOCIALMEDIA,257,13/01/2024,11,11,5640,1022
2131,37,NEWSLETTER,198,28/08/2023,17,17,7464,1516
2132,46,BLOG,311,31/01/2024,15,13,5963,1197
2133,13,BLOG,10,19/07/2024,14,5,1582,309
2134,33,SOCIALMEDIA,101,15/09/2025,2,5,1930,361
2135,38,NEWSLETTER,52,12/01/2024,6,15,2305,469
2136,27,BLOG,46,07/03/2025,5,4,1556,289
2137,46,SOCIALMEDIA,200,28/12/2024,1,16,3790,749
2138,37,SOCIALMEDIA,7,14/01/2024,5,9,4187,760
2139,46,BLOG,5,21/09/2025,18,10,3060,575
2140,18,SOCIALMEDIA,433,27/04/2024,4,6,7937,1490
2141,19,BLOG,39,19/06/2023,19,5,4540,911
2142,22,BLOG,2,17/03/2023,2,19,103,21
2143,40,VIDEO,135,21/04/2024,16,15,7307,1353
2144,25,SOCIALMEDIA,16,17/12/2024,10,10,838,161
2145,14,NEWSLETTER,46,10/12/2023,13,11,2656,541
2146,29,SOCIALMEDIA,34,26/12/2023,6,15,4397,865
2147,14,SOCIALMEDIA,52,09/11/2025,17,16,6433,1186
2148,14,VIDEO,141,10/08/2025,8,2,4122,817
2149,18,BLOG,60,14/02/2023,6,1,4288,852
2150,2,NEWSLETTER,111,23/05/2025,6,9,1812,369
2151,47,BLOG,142,15/04/2025,7,5,3304,647
2152,16,NEWSLETTER,68,18/09/2025,9,11,1459,305
2153,30,BLOG,145,12/04/2024,14,5,4573,832
2154,8,SOCIALMEDIA,78,28/07/2023,13,17,7449,1344
2155,47,SOCIALMEDIA,50,08/09/2024,20,2,4863,976
2156,18,NEWSLETTER,13,03/05/2024,20,1,5258,1095
2157,36,NEWSLETTER,23,26/03/2024,14,19,5610,1118
2158,15,NEWSLETTER,19,09/12/2025,14,14,694,125
2159,44,NEWSLETTER,388,24/05/2024,15,9,6153,1127
2160,43,SOCIALMEDIA,56,16/07/2025,19,12,949,179
2161,15,SOCIALMEDIA,189,03/10/2023,7,16,3143,596
2162,11,BLOG,60,07/02/2023,1,16,1738,337
2163,6,BLOG,133,01/08/2024,12,15,2304,467
2164,4,BLOG,70,10/06/2023,4,9,3262,681
2165,25,VIDEO,389,23/03/2025,19,8,7024,1306
2166,32,NEWSLETTER,580,21/10/2023,11,5,8508,1732
2167,5,VIDEO,198,18/11/2023,18,18,7086,1393
2168,2,SOCIALMEDIA,23,22/05/2023,9,1,3274,633
2169,30,BLOG,43,13/04/2023,2,7,4646,893
2170,19,SOCIALMEDIA,30,22/12/2025,16,9,2554,495
2171,13,VIDEO,17,28/03/2024,18,19,380,78
2172,46,SOCIALMEDIA,35,28/01/2024,5,6,6612,1272
2173,46,SOCIALMEDIA,414,24/11/2024,9,13,6411,1241
2174,21,BLOG,50,05/11/2025,4,18,7479,1387
2175,49,NEWSLETTER,271,01/04/2023,1,6,6272,1291
2176,6,VIDEO,77,19/04/2023,17,10,8679,1580
2177,19,SOCIALMEDIA,5,01/01/2025,13,17,308,57
2178,48,VIDEO,514,07/04/2023,2,14,7583,1538
2179,16,NEWSLETTER,261,28/11/2025,11,8,7366,1512
2180,38,VIDEO,134,02/07/2024,15,11,6567,1345
2181,49,SOCIALMEDIA,15,18/09/2024,8,18,1448,280
2182,32,BLOG,170,27/12/2023,11,9,4889,900
2183,21,BLOG,57,07/10/2025,12,19,3058,561
2184,22,SOCIALMEDIA,181,20/04/2024,19,16,7230,1324
2185,18,NEWSLETTER,119,12/09/2024,13,2,2254,446
2186,9,NEWSLETTER,27,28/09/2023,14,2,1662,300
2187,29,NEWSLETTER,254,24/07/2023,11,17,4972,1008
2188,14,NEWSLETTER,79,24/09/2023,19,1,2101,413
2189,36,SOCIALMEDIA,148,26/06/2025,17,2,4600,908
2190,9,BLOG,190,13/03/2025,3,14,4189,806
2191,7,VIDEO,267,15/08/2023,16,14,6536,1184
2192,44,NEWSLETTER,182,22/02/2025,6,8,4921,951
2193,46,NEWSLETTER,204,23/01/2024,13,6,3369,612
2194,44,BLOG,126,19/03/2025,12,5,1870,387
2195,44,BLOG,266,13/06/2023,14,19,8896,1678
2196,42,SOCIALMEDIA,5,05/11/2024,15,18,679,131
2197,26,BLOG,257,28/12/2025,10,14,6156,1215
2198,23,SOCIALMEDIA,290,30/11/2025,10,17,7884,1644
2199,34,NEWSLETTER,50,28/04/2025,20,13,1511,294
2200,41,VIDEO,486,25/02/2025,18,17,8062,1535
2201,29,VIDEO,11,01/07/2023,18,19,236,47
2202,48,NEWSLETTER,17,02/09/2023,16,20,813,158
2203,42,NEWSLETTER,83,03/12/2023,17,19,3543,699
2204,41,SOCIALMEDIA,153,31/10/2024,6,3,3762,726
2205,14,BLOG,529,24/06/2024,15,14,7711,1542
2206,40,NEWSLETTER,1,04/12/2025,6,20,231,46
2207,41,VIDEO,64,09/09/2023,10,19,1468,272
2208,39,SOCIALMEDIA,262,08/10/2023,11,1,4511,922
2209,16,BLOG,245,07/06/2025,2,20,8473,1739
2210,24,NEWSLETTER,271,19/04/2023,16,18,5359,1086
2211,21,SOCIALMEDIA,154,03/04/2023,5,10,7849,1622
2212,27,BLOG,62,17/03/2024,1,16,3086,588
2213,43,VIDEO,294,20/02/2024,15,12,7898,1426
2214,8,SOCIALMEDIA,240,03/03/2024,2,11,4827,899
2215,24,BLOG,97,29/06/2023,13,5,1605,309
2216,31,BLOG,25,31/10/2023,3,6,2584,529
2217,9,NEWSLETTER,283,15/05/2024,16,16,6366,1174
2218,39,SOCIALMEDIA,224,27/03/2023,16,15,5080,916
2219,13,VIDEO,127,01/10/2025,16,8,7217,1425
2220,5,SOCIALMEDIA,216,13/04/2023,17,17,4518,820
2221,48,NEWSLETTER,231,13/11/2025,1,18,7479,1499
2222,8,SOCIALMEDIA,226,22/09/2024,2,6,7171,1472
2223,6,VIDEO,81,10/02/2025,3,9,8628,1712
2224,1,BLOG,98,16/01/2024,2,8,3922,803
2225,35,BLOG,236,18/06/2025,1,5,3733,739
2226,35,SOCIALMEDIA,105,10/08/2023,12,16,3202,668
2227,14,NEWSLETTER,26,13/08/2024,7,6,825,162
2228,33,NEWSLETTER,380,15/12/2023,15,3,7405,1336
2229,25,VIDEO,70,21/01/2025,13,3,2218,413
2230,22,VIDEO,127,08/05/2025,7,16,2027,417
2231,40,VIDEO,29,31/03/2023,6,18,1715,342
2232,35,NEWSLETTER,607,22/10/2025,7,2,8849,1802
2233,40,SOCIALMEDIA,160,15/07/2023,20,15,2741,516
2234,1,BLOG,27,22/08/2023,10,14,6946,1325
2235,44,NEWSLETTER,172,22/03/2024,5,2,7129,1413
2236,1,NEWSLETTER,545,07/06/2024,12,18,8964,1765
2237,6,SOCIALMEDIA,120,15/04/2023,1,16,6931,1349
2238,7,VIDEO,532,26/11/2024,6,1,8812,1798
2239,44,VIDEO,78,14/09/2024,13,13,2813,540
2240,21,NEWSLETTER,12,15/09/2023,20,13,6301,1269
2241,33,SOCIALMEDIA,21,03/10/2023,16,10,5501,1110
2242,40,SOCIALMEDIA,296,26/09/2025,3,17,5119,1045
2243,12,SOCIALMEDIA,32,01/05/2023,5,6,1527,297
2244,48,SOCIALMEDIA,353,28/09/2024,11,11,6712,1273
2245,42,NEWSLETTER,63,04/12/2023,10,7,4009,835
2246,2,SOCIALMEDIA,102,03/01/2024,2,2,6257,1296
2247,15,NEWSLETTER,141,30/03/2024,12,10,5902,1237
2248,20,SOCIALMEDIA,46,24/02/2025,15,13,5898,1140
2249,25,SOCIALMEDIA,351,28/09/2023,12,18,7662,1380
2250,4,NEWSLETTER,274,16/02/2023,5,12,5193,1010
2251,19,SOCIALMEDIA,53,14/03/2025,16,19,6601,1352
2252,48,NEWSLETTER,28,24/01/2025,13,15,414,82
2253,35,SOCIALMEDIA,28,16/11/2025,2,14,527,100
2254,31,BLOG,376,13/03/2024,19,5,6397,1265
2255,41,SOCIALMEDIA,51,27/09/2024,12,3,1145,207
2256,48,BLOG,12,10/09/2024,5,14,805,153
2257,27,NEWSLETTER,200,12/07/2024,5,19,4286,894
2258,31,SOCIALMEDIA,307,21/03/2023,2,6,6407,1315
2259,16,SOCIALMEDIA,57,26/11/2024,12,6,6750,1401
2260,12,BLOG,156,10/10/2023,1,3,4785,995
2261,27,VIDEO,134,17/07/2025,5,12,4744,868
2262,23,VIDEO,40,08/03/2024,1,3,5060,983
2263,38,NEWSLETTER,17,25/03/2025,18,9,569,103
2264,9,SOCIALMEDIA,12,09/05/2024,5,6,360,65
2265,43,NEWSLETTER,32,03/04/2025,3,15,1730,348
2266,40,VIDEO,6,05/02/2023,17,13,224,43
2267,26,SOCIALMEDIA,21,23/10/2023,9,4,829,164
2268,11,SOCIALMEDIA,231,21/05/2023,13,14,7513,1523
2269,43,BLOG,17,31/03/2024,5,19,495,103
2270,26,BLOG,392,01/10/2023,9,13,7208,1493
2271,40,BLOG,31,11/08/2023,1,16,7659,1597
2272,24,SOCIALMEDIA,80,20/11/2023,19,12,2667,499
2273,24,SOCIALMEDIA,303,12/07/2024,3,7,6725,1277
2274,40,NEWSLETTER,141,13/06/2024,10,20,7256,1345
2275,42,BLOG,229,27/08/2025,18,8,7185,1433
2276,36,VIDEO,138,10/06/2023,19,10,7154,1433
2277,5,SOCIALMEDIA,10,15/01/2024,15,10,704,143
2278,33,BLOG,510,30/01/2024,11,8,8180,1490
2279,33,VIDEO,150,12/04/2025,20,7,7452,1469
2280,33,VIDEO,212,03/03/2023,11,15,5064,1060
2281,47,SOCIALMEDIA,170,05/02/2024,20,20,7161,1301
2282,32,BLOG,195,15/11/2024,18,15,7276,1424
2283,14,BLOG,137,02/10/2025,10,8,2679,553
2284,49,VIDEO,42,18/06/2025,18,2,4159,863
2285,38,NEWSLETTER,225,05/02/2024,15,3,3303,676
2286,34,VIDEO,155,04/02/2024,7,16,3703,771
2287,1,BLOG,66,17/11/2023,13,14,2853,515
2288,40,NEWSLETTER,123,04/07/2024,9,15,6981,1416
2289,3,SOCIALMEDIA,29,15/08/2025,5,1,1181,222
2290,17,SOCIALMEDIA,13,14/07/2025,17,19,1131,217
2291,23,SOCIALMEDIA,398,03/07/2024,3,16,6093,1264
2292,32,NEWSLETTER,162,24/08/2024,7,7,5988,1129
2293,34,BLOG,383,30/01/2023,8,6,7282,1509
2294,28,SOCIALMEDIA,285,30/08/2025,13,15,7415,1355
2295,44,BLOG,283,22/05/2024,12,14,4534,820
2296,36,BLOG,258,11/11/2024,4,5,3617,755
2297,26,VIDEO,512,03/02/2023,7,17,8095,1566
2298,12,VIDEO,40,15/05/2024,11,16,4399,839
2299,40,SOCIALMEDIA,165,01/11/2023,11,18,7832,1606
2300,20,SOCIALMEDIA,174,27/12/2024,16,4,5080,956
2301,49,VIDEO,16,13/05/2023,8,7,2190,443
2302,6,SOCIALMEDIA,154,26/08/2023,11,19,2770,522
2303,50,SOCIALMEDIA,107,15/07/2023,11,4,5599,1057
2304,22,VIDEO,19,05/04/2024,4,18,1818,328
2305,6,BLOG,115,11/03/2024,1,13,2974,591
2306,39,SOCIALMEDIA,4,14/08/2023,3,4,6571,1193
2307,2,NEWSLETTER,132,25/09/2024,5,8,5623,1024
2308,24,NEWSLETTER,380,31/01/2023,19,4,7988,1673
2309,22,NEWSLETTER,48,26/03/2023,12,15,4180,863
2310,33,VIDEO,169,25/09/2024,18,12,3349,681
2311,19,NEWSLETTER,337,27/07/2025,2,11,8450,1522
2312,13,VIDEO,124,14/02/2024,4,13,5176,983
2313,8,VIDEO,34,15/06/2025,17,3,1299,234
2314,37,NEWSLETTER,161,15/09/2023,15,15,3347,687
2315,35,BLOG,299,03/12/2023,2,17,6302,1226
2316,24,VIDEO,56,17/06/2023,7,5,1151,229
2317,38,BLOG,132,09/08/2023,14,15,3603,699
2318,44,VIDEO,5,02/11/2023,20,2,2439,468
2319,38,SOCIALMEDIA,18,25/02/2024,6,5,2651,530
2320,15,SOCIALMEDIA,142,18/12/2024,2,16,2727,507
2321,34,VIDEO,73,23/02/2024,8,6,7015,1267
2322,7,NEWSLETTER,163,12/05/2023,5,4,5785,1062
2323,39,SOCIALMEDIA,162,08/02/2024,15,13,3730,743
2324,10,SOCIALMEDIA,86,23/09/2024,12,19,4858,890
2325,28,NEWSLETTER,40,15/04/2023,9,18,4917,914
2326,47,NEWSLETTER,14,03/03/2025,8,17,4038,727
2327,42,NEWSLETTER,70,23/12/2024,11,2,6623,1289
2328,14,VIDEO,54,26/10/2024,11,7,6343,1152
2329,2,SOCIALMEDIA,129,08/05/2025,9,15,2764,565
2330,22,SOCIALMEDIA,6,17/07/2023,3,14,864,163
2331,16,NEWSLETTER,191,02/07/2024,2,3,3093,589
2332,10,BLOG,352,06/11/2023,9,13,8682,1801
2333,30,NEWSLETTER,237,10/08/2023,10,3,6901,1403
2334,12,VIDEO,9,30/08/2023,3,2,3485,727
2335,21,SOCIALMEDIA,64,16/03/2024,9,9,3325,651
2336,25,SOCIALMEDIA,202,06/09/2023,1,19,5242,974
2337,29,BLOG,31,11/09/2025,10,3,493,94
2338,14,BLOG,1,30/01/2023,11,2,3619,654
2339,37,BLOG,363,28/02/2024,13,16,7626,1563
2340,6,BLOG,119,04/02/2024,6,12,7151,1373
2341,31,BLOG,3,11/10/2023,14,2,2769,500
2342,46,NEWSLETTER,328,30/10/2024,10,20,6232,1278
2343,42,BLOG,370,02/07/2024,9,15,6487,1192
2344,6,BLOG,303,14/12/2025,5,7,6137,1176
2345,4,SOCIALMEDIA,455,08/09/2023,8,2,8098,1462
2346,33,SOCIALMEDIA,253,19/03/2023,19,2,7274,1348
2347,24,NEWSLETTER,290,16/07/2024,11,19,5008,1050
2348,28,NEWSLETTER,3,24/10/2023,6,8,310,58
2349,44,NEWSLETTER,93,03/07/2024,7,8,2693,552
2350,38,BLOG,71,28/10/2024,16,11,1281,236
2351,28,VIDEO,138,08/06/2024,13,7,2283,445
2352,33,SOCIALMEDIA,127,08/08/2023,7,12,3031,561
2353,36,VIDEO,371,28/04/2024,13,10,8153,1548
2354,21,BLOG,123,15/08/2023,19,20,8188,1717
2355,16,NEWSLETTER,612,22/01/2023,17,4,8820,1769
2356,32,BLOG,94,23/03/2025,11,7,3462,666
2357,49,VIDEO,53,22/07/2023,2,6,1185,246
2358,8,VIDEO,45,12/12/2024,14,20,7962,1593
2359,22,VIDEO,110,19/03/2024,5,12,7497,1483
2360,29,NEWSLETTER,174,04/04/2025,20,4,6179,1161
2361,2,VIDEO,12,03/10/2025,19,14,1639,300
2362,46,SOCIALMEDIA,248,16/12/2025,9,12,5255,1075
2363,43,VIDEO,348,10/03/2023,16,17,6598,1310
2364,42,BLOG,124,04/01/2023,12,11,3389,691
2365,2,VIDEO,298,15/05/2025,3,18,6595,1368
2366,13,NEWSLETTER,220,07/11/2024,20,15,8584,1643
2367,9,SOCIALMEDIA,451,12/12/2023,11,1,7938,1492
2368,13,VIDEO,52,12/11/2023,18,18,1697,305
2369,46,NEWSLETTER,21,31/12/2024,16,19,522,99
2370,13,BLOG,17,07/10/2024,4,17,590,113
2371,6,BLOG,387,05/04/2023,16,14,8651,1634
2372,29,SOCIALMEDIA,41,27/04/2024,8,18,4651,946
2373,21,BLOG,23,06/10/2025,20,9,749,139
2374,23,VIDEO,171,16/07/2023,17,16,3907,726
2375,47,SOCIALMEDIA,166,06/03/2025,16,9,3639,695
2376,11,NEWSLETTER,23,26/05/2024,16,3,421,81
2377,20,BLOG,22,15/09/2024,19,17,492,100
2378,12,SOCIALMEDIA,242,15/01/2024,11,2,4934,971
2379,12,NEWSLETTER,196,18/08/2025,8,1,7256,1393
2380,3,BLOG,35,10/11/2025,20,15,1061,208
2381,3,BLOG,120,20/07/2025,13,14,3070,624
2382,6,SOCIALMEDIA,389,25/12/2025,12,16,5973,1247
2383,25,BLOG,311,05/07/2024,14,18,6817,1288
2384,35,NEWSLETTER,41,03/07/2023,6,19,2596,479
2385,24,VIDEO,221,18/06/2024,18,16,6339,1252
2386,12,SOCIALMEDIA,7,21/02/2025,18,14,2154,432
2387,2,NEWSLETTER,67,04/06/2025,17,6,2282,439
2388,35,VIDEO,348,16/11/2023,17,4,6100,1206
2389,45,NEWSLETTER,117,24/09/2024,19,19,5726,1035
2390,15,SOCIALMEDIA,124,22/01/2023,17,13,4119,851
2391,26,NEWSLETTER,517,11/11/2024,9,10,8485,1549
2392,14,BLOG,110,26/07/2023,6,3,1796,370
2393,38,NEWSLETTER,16,10/07/2024,9,13,866,180
2394,16,NEWSLETTER,177,03/12/2025,9,17,8010,1445
2395,16,SOCIALMEDIA,316,12/10/2023,16,12,8260,1605
2396,32,SOCIALMEDIA,12,11/12/2024,2,6,2489,467
2397,17,BLOG,386,02/02/2025,14,7,7111,1460
2398,17,NEWSLETTER,523,25/11/2025,8,1,7896,1543
2399,37,NEWSLETTER,195,11/12/2025,5,7,3068,575
2400,41,NEWSLETTER,282,13/10/2025,15,15,4958,930
2401,42,VIDEO,225,15/06/2024,16,15,3617,743
2402,34,VIDEO,87,17/06/2025,15,11,4417,873
2403,19,NEWSLETTER,80,16/08/2024,9,13,1976,388
2404,7,BLOG,561,21/06/2025,3,5,8317,1639
2405,32,NEWSLETTER,192,30/06/2024,20,17,5327,1039
2406,42,VIDEO,2,21/11/2024,18,14,979,189
2407,12,BLOG,107,27/03/2023,11,16,7593,1403
2408,18,NEWSLETTER,145,29/06/2023,20,8,2184,440
2409,11,BLOG,127,05/06/2025,9,18,5862,1133
2410,24,NEWSLETTER,255,24/11/2024,1,3,8879,1620
2411,12,BLOG,60,07/07/2024,8,15,1988,370
2412,4,SOCIALMEDIA,317,08/02/2024,13,11,5414,1045
2413,45,VIDEO,27,21/04/2025,11,11,3971,755
2414,3,VIDEO,267,09/08/2024,10,17,4910,891
2415,3,BLOG,256,23/12/2023,10,5,5852,1060
2416,34,NEWSLETTER,117,05/03/2024,10,20,3560,720
2417,22,VIDEO,11,08/03/2024,17,17,342,70
2418,3,SOCIALMEDIA,477,02/02/2025,19,15,7651,1529
2419,32,NEWSLETTER,106,06/12/2023,3,1,4870,954
2420,47,VIDEO,86,27/04/2025,5,13,3106,646
2421,36,VIDEO,24,05/08/2025,12,6,4342,784
2422,21,VIDEO,205,12/01/2023,3,7,6552,1350
2423,5,BLOG,51,27/07/2024,12,19,2006,372
2424,25,SOCIALMEDIA,201,19/01/2023,14,16,4131,820
2425,40,VIDEO,128,28/05/2023,11,10,5533,1075
2426,10,SOCIALMEDIA,155,02/06/2023,4,1,3172,610
2427,37,SOCIALMEDIA,168,15/01/2024,20,19,6135,1271
2428,8,VIDEO,11,03/05/2025,1,5,1105,217
2429,7,VIDEO,535,20/03/2024,11,11,8361,1559
2430,40,VIDEO,127,04/06/2023,14,1,2325,433
2431,11,BLOG,134,01/10/2023,2,18,5234,1095
2432,25,SOCIALMEDIA,26,19/10/2024,13,7,3111,641
2433,1,VIDEO,20,15/11/2024,5,5,3750,756
2434,34,NEWSLETTER,193,17/05/2024,1,13,4860,907
2435,11,VIDEO,42,05/05/2025,3,9,3533,653
2436,8,BLOG,16,08/01/2024,6,13,556,106
2437,22,NEWSLETTER,280,23/09/2025,12,5,8687,1640
2438,36,NEWSLETTER,0,20/11/2024,18,14,53,10
2439,21,NEWSLETTER,303,18/04/2025,17,13,5133,1047
2440,31,NEWSLETTER,49,21/09/2024,5,3,786,155
2441,44,BLOG,141,09/04/2023,8,13,2755,505
2442,5,SOCIALMEDIA,91,07/09/2024,10,16,6257,1150
2443,7,BLOG,280,02/12/2025,12,15,7637,1485
2444,21,SOCIALMEDIA,95,05/06/2025,6,7,7532,1533
2445,6,VIDEO,137,26/11/2023,7,7,2332,466
2446,27,BLOG,416,19/09/2025,6,14,7378,1369
2447,46,NEWSLETTER,284,28/03/2023,5,9,7791,1524
2448,19,NEWSLETTER,38,04/10/2023,10,1,2182,397
2449,31,BLOG,295,18/05/2025,17,7,7801,1546
2450,25,VIDEO,352,07/05/2025,20,18,6972,1380
2451,24,VIDEO,140,29/05/2023,3,18,5484,1149
2452,6,SOCIALMEDIA,153,12/09/2025,3,20,4816,895
2453,12,VIDEO,312,05/08/2023,8,16,6192,1167
2454,43,NEWSLETTER,14,27/11/2025,7,17,345,64
2455,31,NEWSLETTER,214,26/08/2025,12,6,4311,837
2456,47,VIDEO,139,16/12/2024,19,7,3129,642
2457,33,BLOG,67,29/09/2024,10,12,2124,430
2458,46,NEWSLETTER,20,06/05/2023,16,19,5958,1174
2459,30,NEWSLETTER,21,17/08/2024,4,5,2606,478
2460,36,VIDEO,77,08/11/2024,14,15,2543,478
2461,29,NEWSLETTER,14,11/05/2024,17,3,3413,630
2462,34,NEWSLETTER,142,01/12/2025,5,6,2982,595
2463,36,NEWSLETTER,132,10/09/2023,18,19,6712,1341
2464,11,BLOG,48,15/05/2025,9,9,858,173
2465,8,NEWSLETTER,42,30/04/2024,16,8,3788,686
2466,25,NEWSLETTER,7,21/12/2023,9,17,680,135
2467,26,NEWSLETTER,73,16/07/2024,15,14,6306,1206
2468,6,SOCIALMEDIA,3,08/09/2025,1,14,5481,1078
2469,37,VIDEO,325,21/06/2023,10,2,5861,1106
2470,13,VIDEO,39,04/10/2025,2,20,2438,473
2471,37,NEWSLETTER,324,28/11/2023,10,6,8328,1657
2472,13,SOCIALMEDIA,284,19/06/2023,2,5,4140,813
2473,20,VIDEO,10,30/08/2024,18,12,624,120
2474,46,NEWSLETTER,71,15/12/2025,14,6,1908,349
2475,32,BLOG,23,28/01/2024,20,3,2041,367
2476,18,BLOG,317,22/12/2025,1,6,7473,1443
2477,21,VIDEO,14,06/02/2023,18,16,300,55
2478,37,BLOG,285,02/07/2024,6,14,4841,1011
2479,1,NEWSLETTER,110,21/05/2024,11,19,5578,1115
2480,9,SOCIALMEDIA,65,19/08/2023,8,3,5368,1114
2481,9,VIDEO,317,29/04/2024,7,9,5742,1076
2482,36,VIDEO,333,12/01/2024,6,9,6340,1187
2483,2,NEWSLETTER,438,21/09/2024,10,9,7092,1437
2484,29,VIDEO,89,08/08/2024,4,17,4502,942
2485,44,BLOG,158,10/04/2023,6,17,5749,1060
2486,10,BLOG,147,04/12/2024,5,19,3148,621
2487,21,VIDEO,6,17/12/2024,12,17,397,79
2488,7,NEWSLETTER,34,05/11/2025,15,9,7892,1454
2489,13,VIDEO,94,08/06/2023,12,17,2073,383
2490,38,NEWSLETTER,361,27/12/2023,16,5,7985,1587
2491,34,VIDEO,279,17/07/2025,17,3,4970,926
2492,18,SOCIALMEDIA,80,17/11/2024,18,18,8154,1678
2493,25,NEWSLETTER,54,09/05/2024,18,16,1263,263
2494,48,BLOG,400,07/11/2024,9,4,7426,1523
2495,25,SOCIALMEDIA,344,05/03/2024,6,9,6313,1273
2496,34,VIDEO,47,20/06/2025,6,15,7929,1501
2497,33,VIDEO,7,19/10/2024,20,9,213,39
2498,17,BLOG,423,10/06/2025,3,18,6974,1298
2499,23,VIDEO,110,02/05/2023,8,16,6793,1298
2500,25,NEWSLETTER,137,20/01/2024,15,8,2424,494
2501,26,BLOG,96,18/12/2024,12,10,4494,912
2502,49,NEWSLETTER,13,01/04/2024,20,15,8575,1674
2503,13,VIDEO,532,25/07/2023,1,2,8610,1686
2504,46,NEWSLETTER,84,09/04/2023,20,4,3266,629
2505,21,BLOG,197,29/10/2025,13,5,6220,1303
2506,8,NEWSLETTER,150,25/03/2025,18,16,7032,1298
2507,2,NEWSLETTER,307,05/12/2025,14,18,4663,956
2508,37,VIDEO,163,14/11/2023,13,18,4276,815
2509,9,SOCIALMEDIA,30,14/03/2024,16,3,3110,638
2510,36,VIDEO,2,14/09/2024,11,2,671,134
2511,1,SOCIALMEDIA,206,18/05/2024,16,2,6809,1342
2512,6,BLOG,177,27/12/2023,8,8,2885,533
2513,46,SOCIALMEDIA,10,27/03/2023,6,19,8621,1654
2514,15,SOCIALMEDIA,323,04/07/2024,5,12,5724,1031
2515,28,VIDEO,110,30/09/2025,9,11,3365,680
2516,47,SOCIALMEDIA,120,19/06/2025,10,18,7774,1573
2517,19,VIDEO,160,29/07/2023,13,12,5427,1119
2518,24,SOCIALMEDIA,231,04/10/2023,12,19,5151,985
2519,46,NEWSLETTER,14,23/02/2024,4,15,782,161
2520,34,NEWSLETTER,200,08/04/2025,3,15,4192,836
2521,8,BLOG,106,07/12/2024,12,8,4438,806
2522,42,BLOG,137,02/10/2025,10,17,2692,491
2523,25,VIDEO,71,24/05/2023,14,4,5238,1099
2524,21,SOCIALMEDIA,16,25/02/2024,4,5,3587,670
2525,45,SOCIALMEDIA,312,06/11/2025,15,7,8984,1702
2526,47,VIDEO,70,06/09/2025,9,16,1537,303
2527,25,BLOG,442,17/11/2025,1,1,8284,1666
2528,32,VIDEO,268,18/08/2024,13,18,8566,1582
2529,21,VIDEO,12,08/09/2024,8,9,1172,239
2530,11,NEWSLETTER,24,16/06/2023,4,15,2004,404
2531,11,NEWSLETTER,301,16/11/2025,12,3,4831,926
2532,33,SOCIALMEDIA,383,15/01/2024,8,20,8921,1629
2533,12,NEWSLETTER,33,26/08/2025,4,15,7588,1414
2534,35,VIDEO,42,14/07/2025,11,1,4797,915
2535,46,NEWSLETTER,39,22/09/2024,14,9,6189,1127
2536,17,NEWSLETTER,47,22/10/2023,2,14,1472,267
2537,31,BLOG,4,14/09/2025,20,8,539,103
2538,27,VIDEO,16,21/09/2023,16,15,959,179
2539,47,VIDEO,13,30/10/2023,16,11,732,152
2540,42,BLOG,7,14/02/2025,20,6,163,32
2541,49,SOCIALMEDIA,7,14/05/2023,20,4,1583,322
2542,50,NEWSLETTER,268,27/09/2024,8,17,8258,1572
2543,18,BLOG,71,23/12/2024,8,18,7769,1468
2544,29,NEWSLETTER,184,28/10/2025,11,15,2693,548
2545,25,SOCIALMEDIA,392,05/08/2025,16,6,8527,1745
2546,42,NEWSLETTER,174,28/12/2024,3,10,3188,638
2547,50,BLOG,266,14/04/2025,17,12,4187,878
2548,15,VIDEO,280,30/07/2023,9,1,8532,1576
2549,44,VIDEO,255,03/02/2024,20,5,4894,882
2550,14,VIDEO,308,21/11/2023,17,11,6351,1306
2551,29,BLOG,171,06/12/2024,14,13,4528,853
2552,3,VIDEO,80,01/05/2023,6,18,1313,258
2553,30,SOCIALMEDIA,154,10/05/2024,18,2,3903,718
2554,17,VIDEO,75,16/07/2023,20,10,1488,270
2555,9,SOCIALMEDIA,122,29/10/2023,11,7,4195,831
2556,34,VIDEO,7,22/12/2024,1,6,372,78
2557,43,BLOG,283,21/01/2023,3,12,6621,1205
2558,33,NEWSLETTER,392,30/06/2025,1,3,7019,1420
2559,23,BLOG,154,09/08/2023,18,8,4257,786
2560,37,SOCIALMEDIA,5,11/03/2024,1,6,319,62
2561,33,VIDEO,14,09/06/2024,11,17,2598,544
2562,13,SOCIALMEDIA,336,19/10/2023,17,2,5292,1087
2563,12,NEWSLETTER,36,30/09/2024,10,19,2404,490
2564,4,NEWSLETTER,129,26/10/2025,13,11,8506,1775
2565,26,NEWSLETTER,172,12/03/2024,11,1,7459,1410
2566,7,VIDEO,236,30/10/2025,17,4,3510,678
2567,19,VIDEO,571,22/06/2025,11,14,8461,1746
2568,20,SOCIALMEDIA,160,05/03/2024,6,14,2668,509
2569,26,VIDEO,264,17/10/2023,20,19,4111,831
2570,1,VIDEO,25,15/07/2023,9,3,993,192
2571,36,VIDEO,46,21/02/2025,5,5,790,162
2572,31,VIDEO,155,28/06/2023,12,15,3948,766
2573,3,SOCIALMEDIA,61,14/05/2025,5,5,4003,778
2574,7,NEWSLETTER,329,15/01/2025,18,16,8293,1635
2575,2,BLOG,29,24/07/2024,15,8,3683,671
2576,40,BLOG,385,15/10/2024,7,12,6379,1149
2577,26,BLOG,241,02/09/2023,11,12,4095,805
2578,2,BLOG,22,27/05/2023,7,7,3145,639
2579,4,BLOG,166,20/07/2025,6,1,3455,628
2580,8,NEWSLETTER,79,12/06/2023,13,1,7387,1452
2581,37,BLOG,35,10/04/2025,6,17,3537,714
2582,50,SOCIALMEDIA,12,23/09/2024,6,8,5677,1070
2583,50,BLOG,13,01/01/2023,6,17,1179,217
2584,41,VIDEO,232,07/07/2024,11,17,4220,808
2585,29,NEWSLETTER,88,04/01/2025,13,12,6260,1155
2586,49,SOCIALMEDIA,7,16/08/2025,6,14,155,28
2587,41,BLOG,53,13/08/2025,18,2,8073,1501
2588,43,VIDEO,164,26/06/2024,7,6,2306,474
2589,25,VIDEO,36,11/02/2025,11,7,1699,318
2590,27,VIDEO,2,09/08/2024,4,9,248,47
2591,37,SOCIALMEDIA,11,24/02/2025,7,1,689,132
2592,32,BLOG,294,06/08/2024,12,3,5158,1077
2593,2,SOCIALMEDIA,231,08/04/2024,18,4,3702,757
2594,25,NEWSLETTER,383,19/04/2023,20,6,8099,1481
2595,15,SOCIALMEDIA,173,06/04/2025,3,15,7372,1374
2596,35,VIDEO,123,14/05/2025,15,19,1935,394
2597,23,BLOG,40,02/03/2024,5,8,669,124
2598,45,SOCIALMEDIA,295,14/04/2023,6,6,6843,1371
2599,39,BLOG,5,02/04/2024,2,9,7089,1474
2600,47,SOCIALMEDIA,40,02/07/2025,17,2,3708,702
2601,9,VIDEO,114,20/03/2023,1,3,2328,434
2602,37,SOCIALMEDIA,154,16/07/2024,9,20,5009,926
2603,22,BLOG,200,05/07/2025,11,14,5749,1206
2604,6,VIDEO,8,22/07/2024,10,14,2945,566
2605,31,VIDEO,5,19/07/2025,16,5,358,65
2606,45,VIDEO,13,07/07/2025,20,13,320,61
2607,49,NEWSLETTER,26,15/08/2025,14,12,1613,322
2608,40,BLOG,190,29/10/2025,9,13,6357,1325
2609,18,NEWSLETTER,352,28/12/2024,11,14,7348,1509
2610,37,SOCIALMEDIA,199,28/05/2025,15,6,4364,906
2611,21,NEWSLETTER,48,21/02/2023,1,11,1427,281
2612,26,BLOG,136,01/05/2025,4,18,6094,1198
2613,38,SOCIALMEDIA,145,18/07/2025,16,5,3606,649
2614,21,BLOG,93,17/01/2024,2,1,1798,350
2615,23,VIDEO,322,22/09/2025,5,5,5691,1136
2616,49,BLOG,50,11/06/2024,12,19,6425,1224
2617,43,NEWSLETTER,175,22/12/2024,10,12,3736,783
2618,2,NEWSLETTER,2,14/04/2024,3,16,56,11
2619,20,BLOG,83,10/09/2024,3,11,1275,242
2620,38,BLOG,401,24/04/2023,6,13,7835,1458
2621,21,SOCIALMEDIA,18,04/04/2025,18,5,383,70
2622,24,VIDEO,142,28/07/2024,15,20,6887,1317
2623,34,SOCIALMEDIA,57,15/06/2024,15,4,5942,1209
2624,45,VIDEO,220,09/06/2023,18,2,7687,1547
2625,44,SOCIALMEDIA,102,24/03/2023,9,17,3777,790
2626,23,NEWSLETTER,554,12/08/2024,12,8,8074,1622
2627,14,VIDEO,33,13/12/2023,2,3,941,180
2628,23,BLOG,99,07/07/2023,5,6,3955,753
2629,8,NEWSLETTER,325,05/07/2024,12,3,7479,1428
2630,39,BLOG,257,30/08/2023,7,20,8930,1866
2631,3,NEWSLETTER,8,09/01/2023,20,17,603,110
2632,17,BLOG,88,21/05/2023,16,3,5527,1136
2633,26,SOCIALMEDIA,59,03/07/2025,18,13,2804,515
2634,42,VIDEO,6,29/01/2025,8,17,1714,337
2635,50,SOCIALMEDIA,0,22/05/2023,1,2,362,74
2636,30,NEWSLETTER,458,24/08/2023,9,14,8621,1644
2637,7,SOCIALMEDIA,135,24/06/2024,4,4,7505,1573
2638,28,VIDEO,69,29/06/2024,13,19,6359,1269
2639,11,SOCIALMEDIA,235,04/01/2023,13,20,8225,1592
2640,40,NEWSLETTER,282,13/07/2023,12,18,5293,1024
2641,33,SOCIALMEDIA,326,18/05/2023,4,19,4721,979
2642,12,SOCIALMEDIA,21,27/10/2025,2,9,1613,312
2643,3,NEWSLETTER,187,25/04/2025,2,19,4160,825
2644,26,NEWSLETTER,157,30/01/2023,17,3,4352,824
2645,44,NEWSLETTER,78,03/10/2023,15,4,1893,357
2646,42,SOCIALMEDIA,59,31/01/2024,19,6,1129,205
2647,9,NEWSLETTER,2,12/10/2024,6,18,123,24
2648,23,VIDEO,17,08/03/2025,10,20,1477,302
2649,8,NEWSLETTER,269,24/05/2024,6,6,5727,1137
2650,20,BLOG,10,09/10/2024,8,20,3834,704
2651,36,NEWSLETTER,2,15/08/2024,10,11,1451,295
2652,24,SOCIALMEDIA,15,16/05/2024,6,16,5581,1035
2653,43,NEWSLETTER,94,25/08/2025,4,20,4099,745
2654,50,VIDEO,220,14/04/2024,19,12,3747,759
2655,50,VIDEO,464,18/11/2023,5,8,8820,1613
2656,25,BLOG,27,05/01/2024,19,5,726,138
2657,30,VIDEO,273,25/07/2023,15,5,7474,1451
2658,18,NEWSLETTER,1,11/11/2023,7,13,1900,368
2659,44,BLOG,299,26/01/2024,9,3,5828,1203
2660,10,NEWSLETTER,227,16/09/2023,13,19,5889,1176
2661,27,BLOG,117,02/09/2024,20,4,6745,1331
2662,32,NEWSLETTER,19,15/01/2024,6,3,2572,489
2663,28,BLOG,48,18/01/2024,9,18,4372,843
2664,15,SOCIALMEDIA,212,26/06/2023,7,10,5723,1171
2665,45,SOCIALMEDIA,0,23/06/2025,4,13,3031,634
2666,26,VIDEO,5,16/08/2023,3,15,1102,219
2667,38,BLOG,107,27/11/2023,6,3,5639,1162
2668,4,BLOG,99,04/01/2023,7,17,1665,315
2669,27,SOCIALMEDIA,80,17/10/2024,3,6,3980,803
2670,33,VIDEO,190,19/09/2025,1,4,7498,1387
2671,44,VIDEO,143,25/06/2023,19,16,4436,892
2672,40,NEWSLETTER,47,02/10/2024,1,6,5145,944
2673,9,VIDEO,15,20/03/2025,14,17,2618,523
2674,42,NEWSLETTER,51,15/10/2023,19,3,2889,543
2675,30,SOCIALMEDIA,454,25/12/2024,8,3,7621,1544
2676,24,VIDEO,110,08/07/2023,6,13,7224,1306
2677,27,VIDEO,78,03/06/2023,13,13,4025,739
2678,22,VIDEO,502,12/03/2025,2,20,7538,1551
2679,7,NEWSLETTER,69,12/03/2024,14,13,7260,1356
2680,33,BLOG,109,11/05/2025,11,10,2131,446
2681,47,NEWSLETTER,10,18/11/2023,6,1,1227,229
2682,21,VIDEO,21,13/06/2025,9,10,4882,925
2683,44,VIDEO,20,27/07/2023,13,6,1142,212
2684,25,VIDEO,168,31/05/2025,16,1,6395,1294
2685,21,NEWSLETTER,53,06/03/2024,18,20,1285,255
2686,33,NEWSLETTER,118,03/03/2024,19,6,2154,450
2687,17,VIDEO,64,03/05/2023,12,16,6752,1240
2688,15,SOCIALMEDIA,76,07/02/2025,20,15,2647,530
2689,46,BLOG,67,27/04/2024,12,6,2977,576
2690,40,VIDEO,83,28/06/2024,3,1,4759,962
2691,49,VIDEO,379,01/05/2025,6,19,6012,1215
2692,10,VIDEO,366,16/04/2024,20,3,5687,1091
2693,15,BLOG,145,02/10/2023,4,9,7560,1522
2694,48,BLOG,202,19/11/2025,10,2,5072,941
2695,21,NEWSLETTER,304,09/12/2025,4,3,6200,1147
2696,44,SOCIALMEDIA,28,16/09/2025,20,3,5179,1025
2697,42,NEWSLETTER,192,06/09/2023,6,18,6254,1190
2698,42,NEWSLETTER,189,07/12/2024,6,1,5165,943
2699,9,BLOG,45,24/09/2025,7,18,2922,606
2700,39,VIDEO,84,18/07/2023,16,17,1318,268
2701,45,SOCIALMEDIA,110,24/08/2024,2,2,6699,1352
2702,18,VIDEO,9,04/07/2023,19,18,1454,279
2703,8,BLOG,83,20/05/2024,9,14,2385,482
2704,20,BLOG,174,21/08/2024,12,2,2823,555
2705,48,NEWSLETTER,166,03/10/2025,8,8,3353,703
2706,44,VIDEO,88,25/03/2025,7,14,3498,699
2707,38,VIDEO,28,07/02/2023,19,14,2893,597
2708,18,VIDEO,264,03/11/2023,15,4,6482,1329
2709,36,BLOG,56,10/12/2025,15,10,8464,1735
2710,20,VIDEO,209,01/01/2025,12,16,8848,1662
2711,18,VIDEO,117,27/08/2025,1,4,2106,412
2712,47,NEWSLETTER,188,26/02/2025,5,10,8952,1865
2713,27,NEWSLETTER,16,27/08/2023,3,10,381,78
2714,39,VIDEO,172,06/04/2024,2,17,5848,1200
2715,35,SOCIALMEDIA,35,17/01/2024,11,9,3029,599
2716,50,BLOG,59,13/08/2025,5,6,7335,1523
2717,13,SOCIALMEDIA,91,15/12/2025,18,19,1580,290
2718,2,BLOG,177,02/07/2024,1,15,3394,630
2719,23,NEWSLETTER,117,03/07/2023,7,2,1828,376
2720,15,VIDEO,86,28/08/2024,8,20,7192,1477
2721,1,NEWSLETTER,30,08/11/2023,4,3,4544,935
2722,47,VIDEO,52,02/08/2024,14,14,1985,370
2723,50,SOCIALMEDIA,221,30/08/2024,16,17,7896,1645
2724,31,NEWSLETTER,11,20/07/2024,19,2,247,44
2725,40,BLOG,197,26/07/2023,11,17,3045,637
2726,20,SOCIALMEDIA,40,01/07/2025,3,20,1558,287
2727,46,VIDEO,90,28/05/2024,20,10,1469,277
2728,11,NEWSLETTER,32,17/02/2025,18,13,1362,250
2729,46,VIDEO,52,10/01/2024,7,7,904,189
2730,35,VIDEO,225,10/02/2023,8,6,6609,1250
2731,34,NEWSLETTER,547,04/10/2024,15,17,8437,1633
2732,37,VIDEO,3,20/11/2024,14,13,555,109
2733,49,SOCIALMEDIA,352,29/01/2023,4,1,6252,1243
2734,12,BLOG,118,06/05/2025,12,10,2133,428
2735,49,SOCIALMEDIA,217,03/06/2023,7,9,3119,634
2736,16,NEWSLETTER,36,11/06/2024,8,13,2070,387
2737,26,VIDEO,81,14/02/2023,11,2,5122,1027
2738,26,SOCIALMEDIA,322,27/01/2024,7,7,5842,1082
2739,44,VIDEO,16,22/08/2024,15,3,7908,1623
2740,37,BLOG,32,27/04/2023,11,19,2632,528
2741,38,BLOG,12,15/09/2024,6,4,1555,318
2742,4,NEWSLETTER,289,27/07/2023,16,1,8498,1538
2743,39,SOCIALMEDIA,336,13/11/2023,10,10,8229,1555
2744,31,SOCIALMEDIA,292,20/01/2025,4,20,5573,1049
2745,48,VIDEO,444,09/11/2023,20,10,7645,1402
2746,17,VIDEO,130,30/09/2023,17,14,2015,379
2747,16,NEWSLETTER,12,10/09/2024,7,5,1533,316
2748,17,SOCIALMEDIA,275,01/03/2025,13,7,7487,1533
2749,33,NEWSLETTER,152,10/11/2023,9,12,7502,1423
2750,37,NEWSLETTER,315,15/12/2023,16,15,5042,984
2751,31,SOCIALMEDIA,242,06/12/2025,13,12,5132,951
2752,42,VIDEO,453,11/12/2023,17,7,8334,1742
2753,17,VIDEO,102,27/03/2023,13,15,8835,1706
2754,24,BLOG,25,05/11/2025,13,14,2340,438
2755,41,NEWSLETTER,106,11/11/2023,8,13,2729,569
2756,38,BLOG,152,02/05/2025,9,8,3144,603
2757,8,NEWSLETTER,49,07/08/2024,18,19,2016,421
2758,1,NEWSLETTER,14,03/05/2024,9,16,1445,268
2759,49,VIDEO,347,11/11/2024,13,14,8821,1672
2760,18,NEWSLETTER,32,13/10/2025,3,14,726,131
2761,27,BLOG,33,18/03/2023,14,9,586,108
2762,46,VIDEO,106,07/07/2024,8,8,3507,685
2763,3,NEWSLETTER,40,22/11/2024,13,17,916,179
2764,26,VIDEO,189,07/12/2024,13,12,2786,564
2765,39,SOCIALMEDIA,148,08/11/2025,20,3,6492,1193
2766,12,VIDEO,30,01/08/2025,16,2,2736,567
2767,21,SOCIALMEDIA,214,15/06/2023,10,9,4014,775
2768,21,BLOG,83,29/12/2024,18,3,2323,426
2769,49,NEWSLETTER,367,07/12/2024,20,2,8688,1603
2770,43,BLOG,143,16/08/2025,10,14,2862,542
2771,8,NEWSLETTER,339,11/12/2024,5,10,8218,1636
2772,33,SOCIALMEDIA,255,14/06/2024,7,9,4542,820
2773,12,SOCIALMEDIA,319,15/04/2024,13,10,7910,1449
2774,3,SOCIALMEDIA,92,31/01/2023,7,4,2029,389
2775,10,BLOG,0,14/06/2023,7,5,3302,620
2776,17,SOCIALMEDIA,73,03/01/2025,11,14,1162,215
2777,22,NEWSLETTER,260,29/12/2023,6,4,5775,1179
2778,45,SOCIALMEDIA,133,06/01/2023,19,14,3006,597
2779,26,SOCIALMEDIA,22,02/05/2023,20,10,4025,736
2780,31,NEWSLETTER,344,08/02/2023,12,16,7242,1433
2781,27,BLOG,130,11/05/2024,11,20,7836,1467
2782,41,VIDEO,110,06/10/2024,3,13,3711,753
2783,17,BLOG,6,01/01/2025,16,7,202,36
2784,27,VIDEO,92,03/08/2023,19,19,6119,1245
2785,16,VIDEO,33,03/12/2025,10,7,746,136
2786,45,BLOG,316,27/07/2024,10,20,5067,1021
2787,47,BLOG,9,26/03/2025,1,6,265,51
2788,16,NEWSLETTER,111,05/03/2024,7,12,4698,920
2789,27,SOCIALMEDIA,239,18/01/2024,11,1,5742,1039
2790,3,VIDEO,24,05/04/2023,12,10,3392,630
2791,18,VIDEO,254,27/09/2024,13,5,8772,1802
2792,19,BLOG,9,25/08/2023,7,6,749,147
2793,15,NEWSLETTER,90,02/11/2025,15,19,2045,379
2794,37,NEWSLETTER,110,23/07/2024,1,15,1579,321
2795,13,SOCIALMEDIA,26,06/04/2023,14,20,509,104
2796,43,VIDEO,49,29/09/2024,19,15,1670,346
2797,23,BLOG,6,13/10/2025,19,11,371,74
2798,18,BLOG,25,14/06/2024,9,19,1679,344
2799,13,VIDEO,381,01/03/2023,20,11,6461,1333
2800,1,VIDEO,277,20/07/2025,6,11,4181,862
2801,42,NEWSLETTER,90,09/02/2023,4,19,4235,847
2802,2,BLOG,26,22/10/2025,12,16,908,187
2803,10,BLOG,212,18/04/2025,18,1,6496,1258
2804,37,NEWSLETTER,197,07/02/2023,11,12,3671,666
2805,15,VIDEO,56,12/06/2025,7,6,1015,186
2806,19,NEWSLETTER,138,06/04/2023,3,19,2545,517
2807,42,NEWSLETTER,67,08/07/2025,19,6,1590,327
2808,8,NEWSLETTER,228,01/07/2024,7,10,4450,834
2809,13,NEWSLETTER,53,22/12/2025,1,20,2350,441
2810,22,VIDEO,349,06/03/2023,4,9,8100,1525
2811,22,NEWSLETTER,121,14/06/2025,14,10,3578,731
2812,39,SOCIALMEDIA,518,03/04/2025,3,2,7349,1493
2813,43,SOCIALMEDIA,21,05/01/2024,2,4,1199,220
2814,15,NEWSLETTER,173,16/05/2025,5,6,5056,1058
2815,26,BLOG,1,24/01/2025,2,17,5080,946
2816,39,SOCIALMEDIA,35,27/06/2024,16,6,3011,563
2817,30,VIDEO,330,09/10/2024,7,5,8141,1480
2818,31,NEWSLETTER,408,16/02/2025,13,6,7589,1581
2819,10,SOCIALMEDIA,231,26/06/2025,18,10,6535,1276
2820,44,NEWSLETTER,112,04/02/2024,3,14,1911,388
2821,25,SOCIALMEDIA,298,21/09/2025,4,18,4997,988
2822,5,BLOG,189,02/07/2025,17,2,3686,744
2823,27,VIDEO,180,09/09/2024,13,3,2624,518
2824,2,BLOG,18,22/11/2023,3,3,1536,292
2825,18,BLOG,207,14/07/2023,16,20,8384,1650
2826,50,SOCIALMEDIA,307,24/01/2023,17,3,5999,1135
2827,28,VIDEO,198,18/07/2024,15,7,3002,566
2828,30,SOCIALMEDIA,32,08/10/2023,14,11,1389,254
2829,10,BLOG,29,31/12/2024,8,15,5394,977
2830,44,BLOG,102,10/08/2025,19,16,4321,781
2831,29,SOCIALMEDIA,3,09/05/2024,10,14,114,21
2832,27,NEWSLETTER,14,18/01/2023,10,4,5209,979
2833,45,VIDEO,15,03/02/2023,18,1,4950,1029
2834,40,SOCIALMEDIA,12,20/04/2024,15,5,7367,1489
2835,29,BLOG,192,11/09/2024,3,14,7664,1507
2836,34,NEWSLETTER,239,03/01/2025,9,7,5446,1050
2837,48,NEWSLETTER,387,05/05/2025,6,3,6625,1274
2838,15,NEWSLETTER,287,02/10/2024,15,3,6332,1275
2839,25,VIDEO,238,31/01/2024,2,5,3766,716
2840,50,SOCIALMEDIA,80,11/02/2024,18,9,4867,968
2841,22,NEWSLETTER,364,11/08/2025,9,15,7944,1531
2842,40,VIDEO,158,07/10/2025,20,18,8373,1659
2843,17,NEWSLETTER,116,28/06/2024,2,13,4620,866
2844,46,NEWSLETTER,2,16/09/2025,4,6,51,9
2845,2,SOCIALMEDIA,155,29/09/2025,7,4,4238,877
2846,24,SOCIALMEDIA,172,09/09/2025,13,16,6303,1219
2847,7,VIDEO,21,19/08/2024,17,5,340,66
2848,6,VIDEO,56,21/03/2025,7,1,1325,265
2849,15,SOCIALMEDIA,14,20/08/2024,16,17,713,131
2850,2,VIDEO,78,22/09/2023,7,19,1621,312
2851,10,NEWSLETTER,24,22/09/2024,11,11,4593,959
2852,4,VIDEO,79,03/07/2025,18,17,7961,1669
2853,39,NEWSLETTER,133,19/04/2025,7,17,8861,1764
2854,43,VIDEO,102,10/09/2023,10,14,2050,420
2855,4,SOCIALMEDIA,338,20/10/2024,10,17,6790,1379
2856,38,SOCIALMEDIA,2,03/11/2025,4,15,2531,499
2857,42,NEWSLETTER,133,08/03/2025,1,7,5175,972
2858,28,BLOG,318,11/08/2023,5,12,5374,1060
2859,17,VIDEO,39,03/03/2024,18,5,1331,241
2860,18,SOCIALMEDIA,153,30/07/2024,11,8,7945,1579
2861,24,VIDEO,35,17/05/2024,1,3,1352,249
2862,4,SOCIALMEDIA,53,14/10/2025,1,6,4554,860
2863,15,VIDEO,95,10/07/2024,1,12,1559,318
2864,49,BLOG,91,28/10/2025,11,20,4601,926
2865,30,NEWSLETTER,168,10/04/2023,1,7,7311,1385
2866,6,SOCIALMEDIA,106,07/09/2025,12,11,3141,569
2867,36,VIDEO,375,08/10/2024,18,17,8202,1658
2868,23,BLOG,145,15/04/2025,2,13,3730,754
2869,29,BLOG,49,07/07/2023,7,20,1682,332
2870,11,BLOG,143,25/04/2024,4,8,2740,525
2871,43,VIDEO,1,01/03/2024,8,18,51,9
2872,7,BLOG,414,10/02/2023,6,10,8554,1740
2873,27,NEWSLETTER,129,13/11/2024,14,19,4819,979
2874,18,VIDEO,134,10/10/2025,14,8,8538,1617
2875,36,SOCIALMEDIA,107,01/06/2025,12,6,2350,428
2876,47,BLOG,110,10/01/2023,12,3,2877,543
2877,6,SOCIALMEDIA,593,15/07/2023,16,16,8975,1774
2878,38,BLOG,35,08/05/2025,4,6,1963,395
2879,7,VIDEO,292,04/11/2024,1,7,7236,1333
2880,30,NEWSLETTER,13,11/08/2025,14,2,1266,237
2881,47,BLOG,336,24/04/2023,5,10,6628,1227
2882,30,VIDEO,2,28/11/2024,13,16,363,68
2883,18,SOCIALMEDIA,150,08/11/2024,15,13,3367,660
2884,30,VIDEO,316,14/01/2025,5,11,4927,1033
2885,38,VIDEO,78,04/07/2025,3,14,1636,323
2886,4,SOCIALMEDIA,207,05/12/2023,2,18,7622,1394
2887,3,SOCIALMEDIA,22,06/03/2023,13,14,802,158
2888,7,NEWSLETTER,21,30/12/2025,3,16,886,170
2889,43,BLOG,162,16/12/2024,15,5,4841,888
2890,2,NEWSLETTER,230,05/10/2023,7,1,8505,1605
2891,16,VIDEO,151,09/07/2024,4,8,7946,1555
2892,36,VIDEO,13,24/05/2024,9,11,3743,764
2893,15,NEWSLETTER,15,26/06/2025,17,4,3374,661
2894,50,VIDEO,315,26/04/2024,6,18,4520,938
2895,27,NEWSLETTER,143,03/06/2025,12,16,4500,829
2896,39,SOCIALMEDIA,13,09/11/2025,10,8,8941,1768
2897,31,SOCIALMEDIA,483,09/10/2023,18,20,7215,1467
2898,21,VIDEO,284,11/08/2023,19,20,7213,1401
2899,49,VIDEO,241,26/04/2023,20,17,4342,897
2900,5,SOCIALMEDIA,91,02/12/2023,6,17,5199,1082
2901,34,NEWSLETTER,239,20/07/2025,12,20,5882,1186
2902,42,SOCIALMEDIA,187,30/10/2025,1,17,7377,1367
2903,40,NEWSLETTER,24,01/07/2025,7,16,956,179
2904,44,NEWSLETTER,5,01/07/2023,15,19,3714,745
2905,44,BLOG,26,07/09/2025,3,19,1099,227
2906,32,VIDEO,73,25/01/2024,4,3,6367,1238
2907,9,VIDEO,43,06/11/2025,11,11,938,173
2908,9,SOCIALMEDIA,171,04/01/2024,9,3,6745,1230
2909,14,SOCIALMEDIA,192,06/12/2025,14,14,3598,678
2910,11,BLOG,55,14/05/2025,20,17,6035,1089
2911,40,SOCIALMEDIA,114,09/12/2023,18,1,2585,475
2912,45,VIDEO,298,10/10/2023,3,1,7402,1351
2913,18,SOCIALMEDIA,54,29/06/2023,14,8,1302,262
2914,17,VIDEO,68,28/12/2024,17,15,5779,1131
2915,8,SOCIALMEDIA,434,10/08/2023,14,15,8227,1548
2916,48,NEWSLETTER,186,14/05/2024,1,17,3317,606
2917,21,VIDEO,75,13/04/2024,15,10,6403,1154
2918,5,NEWSLETTER,152,31/10/2023,15,5,6624,1377
2919,22,VIDEO,14,27/11/2025,18,1,1229,227
2920,1,NEWSLETTER,320,17/10/2024,6,20,8345,1741
2921,10,VIDEO,64,17/01/2023,3,16,1289,238
2922,9,SOCIALMEDIA,4,07/05/2023,19,13,3353,630
2923,43,SOCIALMEDIA,151,15/06/2025,14,18,2684,535
2924,28,NEWSLETTER,36,06/03/2024,6,9,711,144
2925,49,SOCIALMEDIA,13,03/11/2025,15,12,941,178
2926,48,NEWSLETTER,353,27/04/2025,1,15,8250,1647
2927,28,SOCIALMEDIA,15,14/12/2023,15,20,665,133
2928,7,VIDEO,121,06/12/2023,16,3,6431,1223
2929,26,SOCIALMEDIA,94,25/08/2025,18,14,5352,1123
2930,3,VIDEO,6,17/10/2023,11,19,2848,571
2931,20,SOCIALMEDIA,251,02/08/2023,11,5,8788,1608
2932,9,NEWSLETTER,151,11/01/2024,8,13,2688,507
2933,13,NEWSLETTER,44,29/03/2025,4,9,4577,903
2934,27,VIDEO,141,23/04/2024,1,18,5943,1247
2935,10,NEWSLETTER,2,13/02/2024,1,19,179,36
2936,50,VIDEO,33,13/12/2025,3,17,3001,546
2937,12,SOCIALMEDIA,120,26/02/2025,13,13,8150,1625
2938,3,NEWSLETTER,31,02/02/2025,12,9,3908,798
2939,37,VIDEO,336,05/09/2024,10,3,6653,1250
2940,38,VIDEO,377,29/03/2024,2,6,8035,1491
2941,18,BLOG,32,29/09/2025,5,16,5583,1049
2942,47,SOCIALMEDIA,175,10/10/2025,2,17,3495,696
2943,14,NEWSLETTER,312,04/11/2023,10,16,7793,1619
2944,29,SOCIALMEDIA,32,28/03/2023,8,4,486,94
2945,11,SOCIALMEDIA,71,24/11/2023,7,16,6758,1354
2946,15,SOCIALMEDIA,423,18/03/2025,9,19,6651,1230
2947,32,SOCIALMEDIA,418,19/11/2025,2,8,7994,1587
2948,17,BLOG,549,17/04/2023,17,16,8369,1670
2949,39,SOCIALMEDIA,204,16/06/2025,3,2,8850,1665
2950,49,NEWSLETTER,119,21/02/2023,8,9,3401,642
2951,49,BLOG,120,03/06/2024,7,6,8340,1688
2952,7,BLOG,75,10/12/2023,5,7,2369,489
2953,28,SOCIALMEDIA,54,11/04/2023,1,2,3958,747
2954,15,NEWSLETTER,60,09/08/2024,14,12,2952,533
2955,42,VIDEO,330,31/01/2025,7,4,5785,1179
2956,48,SOCIALMEDIA,239,23/10/2023,5,13,5821,1076
2957,34,BLOG,9,28/03/2025,1,11,279,52
2958,1,BLOG,401,07/10/2025,14,8,8143,1543
2959,44,NEWSLETTER,476,01/12/2024,11,15,7445,1443
2960,24,VIDEO,8,27/05/2025,20,12,586,122
2961,22,VIDEO,386,23/08/2024,5,7,6515,1183
2962,11,NEWSLETTER,12,13/09/2024,14,16,1649,305
2963,13,SOCIALMEDIA,99,06/02/2025,3,9,4445,884
2964,4,NEWSLETTER,339,12/08/2024,13,14,5201,974
2965,25,NEWSLETTER,553,05/06/2023,11,16,7812,1628
2966,33,VIDEO,188,06/01/2024,11,4,5826,1220
2967,37,NEWSLETTER,17,06/10/2023,11,18,320,64
2968,47,BLOG,304,28/09/2024,19,19,4865,886
2969,49,BLOG,219,08/04/2023,18,7,7637,1404
2970,2,VIDEO,214,20/02/2024,10,1,4891,964
2971,25,NEWSLETTER,375,06/09/2023,7,3,8133,1675
2972,23,NEWSLETTER,119,14/07/2023,19,6,1856,384
2973,33,BLOG,54,15/01/2024,16,5,4446,913
2974,50,SOCIALMEDIA,239,31/08/2024,12,19,3842,786
2975,40,BLOG,228,22/09/2025,17,16,4185,838
2976,33,NEWSLETTER,108,30/03/2023,6,14,2735,496
2977,34,SOCIALMEDIA,8,16/11/2025,4,13,320,65
2978,21,VIDEO,19,27/06/2023,1,7,1196,236
2979,31,BLOG,19,06/12/2024,3,11,2993,570
2980,19,BLOG,87,21/05/2023,13,8,2439,471
2981,45,BLOG,109,06/10/2025,16,10,5034,976
2982,19,NEWSLETTER,392,13/04/2023,20,3,6541,1254
2983,37,VIDEO,83,17/02/2023,4,2,7644,1470
2984,10,BLOG,380,14/09/2024,16,20,6814,1388
2985,10,BLOG,401,28/07/2025,12,4,8784,1623
2986,42,BLOG,335,08/01/2023,17,2,6303,1278
2987,47,NEWSLETTER,10,23/10/2024,5,2,196,39
2988,13,VIDEO,10,30/09/2024,15,6,190,36
2989,26,BLOG,225,22/07/2024,13,14,8075,1593
2990,35,NEWSLETTER,164,04/02/2024,5,14,5341,1026
2991,49,SOCIALMEDIA,279,10/10/2024,2,12,6510,1193
2992,28,BLOG,102,19/09/2025,4,13,7428,1398
2993,43,BLOG,211,09/07/2025,1,13,4910,967
2994,11,SOCIALMEDIA,229,16/07/2025,13,12,3847,758
2995,30,SOCIALMEDIA,232,27/07/2025,1,5,5457,1071
2996,43,BLOG,53,20/11/2024,18,20,4299,795
2997,28,VIDEO,240,24/08/2024,12,16,4203,797
2998,43,VIDEO,310,23/01/2025,18,3,5572,1004
2999,4,BLOG,537,07/12/2025,16,9,8478,1546
3000,14,BLOG,37,21/04/2025,3,3,1033,211
3001,8,BLOG,24,01/12/2023,14,1,1270,260
3002,21,BLOG,176,11/01/2023,20,5,7616,1400
3003,14,BLOG,2,06/06/2024,10,18,176,32
3004,36,SOCIALMEDIA,22,22/07/2025,18,15,739,149
3005,43,BLOG,34,19/05/2024,11,5,7531,1426
3006,40,SOCIALMEDIA,74,01/04/2025,15,18,3877,707
3007,31,NEWSLETTER,36,30/07/2024,6,9,1375,256
3008,39,SOCIALMEDIA,65,30/10/2025,19,3,4766,996
3009,6,NEWSLETTER,5,17/03/2024,14,3,88,16
3010,30,SOCIALMEDIA,31,07/02/2025,20,1,6121,1106
3011,39,BLOG,37,27/07/2024,2,1,4565,871
3012,4,SOCIALMEDIA,2,17/01/2023,11,10,2961,602
3013,33,SOCIALMEDIA,57,31/05/2025,6,4,1165,235
3014,40,BLOG,64,02/02/2024,7,17,6506,1283
3015,20,SOCIALMEDIA,85,24/10/2023,5,16,3821,692
3016,22,SOCIALMEDIA,309,12/06/2023,5,17,7743,1624
3017,27,VIDEO,103,12/05/2024,9,19,8613,1759
3018,7,VIDEO,78,27/11/2024,9,10,1905,346
3019,9,BLOG,282,23/11/2023,1,8,8282,1516
3020,1,SOCIALMEDIA,3,12/12/2023,10,12,79,14
3021,45,NEWSLETTER,42,26/02/2023,11,4,7610,1414
3022,15,SOCIALMEDIA,108,31/01/2025,17,18,7974,1547
3023,45,NEWSLETTER,3,12/03/2023,15,17,678,138
3024,12,SOCIALMEDIA,436,21/06/2025,12,16,8230,1511
3025,45,SOCIALMEDIA,116,30/06/2025,6,7,2752,555
3026,6,BLOG,152,20/09/2023,8,2,3094,629
3027,34,NEWSLETTER,342,21/10/2025,6,1,7049,1325
3028,43,BLOG,125,12/11/2024,3,15,3831,751
3029,50,SOCIALMEDIA,2,07/07/2023,17,8,5265,1073
3030,30,SOCIALMEDIA,52,21/07/2023,11,11,3501,673
3031,45,BLOG,39,30/06/2025,2,12,1530,288
3032,48,BLOG,192,12/10/2024,13,4,7434,1486
3033,26,VIDEO,199,15/05/2024,5,18,6542,1193
3034,34,BLOG,624,09/08/2023,6,12,8763,1798
3035,4,SOCIALMEDIA,60,12/01/2024,16,1,4006,765
3036,27,SOCIALMEDIA,50,08/11/2023,13,19,8486,1632
3037,50,VIDEO,50,05/03/2023,20,20,832,154
3038,38,NEWSLETTER,355,23/07/2024,4,12,8871,1818
3039,12,SOCIALMEDIA,150,27/04/2024,1,1,5572,1015
3040,38,SOCIALMEDIA,193,15/10/2024,8,12,3747,675
3041,9,NEWSLETTER,66,13/06/2023,7,5,1115,219
3042,31,NEWSLETTER,182,29/10/2025,2,2,4759,972
3043,3,NEWSLETTER,13,30/08/2023,12,15,679,124
3044,5,SOCIALMEDIA,263,11/04/2023,3,8,5004,946
3045,12,SOCIALMEDIA,133,07/03/2023,6,15,2951,546
3046,33,SOCIALMEDIA,37,21/02/2025,12,4,3565,698
3047,32,VIDEO,34,16/07/2023,8,9,771,143
3048,45,BLOG,364,23/02/2025,1,11,6573,1249
3049,18,SOCIALMEDIA,31,04/07/2025,7,13,4336,900
3050,3,SOCIALMEDIA,70,12/01/2023,9,2,1282,244
3051,27,BLOG,122,01/01/2024,18,12,2993,555
3052,30,BLOG,397,21/06/2024,20,2,8533,1742
3053,47,VIDEO,84,03/07/2024,4,10,1842,356
3054,33,VIDEO,293,11/09/2025,18,15,4414,840
3055,8,BLOG,80,18/03/2024,14,17,1235,252
3056,31,VIDEO,2,03/11/2025,17,13,5990,1235
3057,15,SOCIALMEDIA,178,19/06/2024,7,3,3693,716
3058,12,NEWSLETTER,31,14/12/2024,10,17,774,145
3059,26,NEWSLETTER,20,11/03/2024,11,5,756,148
3060,11,SOCIALMEDIA,366,31/10/2023,4,17,7816,1470
3061,27,BLOG,112,24/07/2025,14,16,3352,610
3062,30,BLOG,327,17/10/2025,9,6,8947,1821
3063,42,SOCIALMEDIA,187,27/03/2023,3,19,4583,894
3064,13,SOCIALMEDIA,5,03/10/2024,1,19,1274,252
3065,42,VIDEO,37,01/03/2025,20,19,1190,244
3066,25,VIDEO,22,10/05/2025,12,12,4496,896
3067,13,SOCIALMEDIA,247,24/09/2024,8,1,6637,1364
3068,30,NEWSLETTER,79,30/10/2025,11,18,6133,1109
3069,49,NEWSLETTER,305,04/08/2023,8,17,5943,1203
3070,3,VIDEO,476,09/03/2024,17,16,8483,1603
3071,16,SOCIALMEDIA,52,29/08/2025,18,2,8423,1645
3072,37,BLOG,61,13/08/2025,11,17,6257,1196
3073,15,SOCIALMEDIA,79,24/04/2023,4,11,6843,1296
3074,42,NEWSLETTER,143,08/01/2023,17,20,4958,945
3075,37,SOCIALMEDIA,185,03/07/2024,19,9,4939,897
3076,26,VIDEO,257,29/03/2024,4,10,4989,1019
3077,45,VIDEO,36,17/04/2024,20,10,1186,228
3078,9,SOCIALMEDIA,43,30/05/2024,3,5,1004,183
3079,6,NEWSLETTER,218,08/01/2023,4,5,6671,1396
3080,47,SOCIALMEDIA,343,12/10/2024,18,3,6293,1182
3081,44,VIDEO,95,29/06/2024,18,18,8481,1610
3082,17,NEWSLETTER,129,15/03/2024,19,7,3968,770
3083,15,BLOG,43,09/05/2023,19,13,940,182
3084,35,BLOG,21,16/04/2025,16,20,2714,554
3085,9,BLOG,300,28/09/2024,18,4,6223,1201
3086,27,VIDEO,75,24/02/2023,3,10,2481,470
3087,21,VIDEO,80,06/05/2025,10,17,2659,522
3088,26,SOCIALMEDIA,325,10/02/2024,19,7,7360,1478
3089,14,NEWSLETTER,505,07/09/2025,1,18,8446,1724
3090,11,SOCIALMEDIA,69,03/01/2024,16,2,5795,1146
3091,9,SOCIALMEDIA,1,09/01/2023,15,17,755,155
3092,44,SOCIALMEDIA,179,10/01/2025,10,9,2826,573
3093,39,NEWSLETTER,308,17/01/2023,18,9,5852,1193
3094,21,BLOG,100,22/03/2025,7,4,4962,1027
3095,44,VIDEO,207,15/07/2023,5,2,6133,1104
3096,20,BLOG,60,30/08/2025,5,3,8121,1631
3097,35,SOCIALMEDIA,67,15/02/2025,16,4,1340,272
3098,24,BLOG,295,09/08/2025,20,18,4590,927
3099,12,NEWSLETTER,120,03/06/2024,17,8,7907,1594
3100,14,SOCIALMEDIA,223,19/06/2025,1,2,8723,1793
3101,9,NEWSLETTER,251,01/09/2025,7,12,4496,865
3102,16,NEWSLETTER,265,21/05/2024,12,6,5915,1119
3103,37,NEWSLETTER,57,08/04/2023,20,20,7065,1295
3104,50,NEWSLETTER,82,25/04/2024,2,3,1285,251
3105,43,SOCIALMEDIA,416,29/01/2023,8,15,8870,1708
3106,27,SOCIALMEDIA,337,09/02/2023,9,18,7874,1633
3107,29,BLOG,180,14/07/2023,5,16,3026,567
3108,37,BLOG,214,15/03/2024,2,8,4214,845
3109,15,SOCIALMEDIA,75,20/07/2024,19,20,1168,226
3110,17,NEWSLETTER,69,28/05/2023,17,4,2014,380
3111,41,VIDEO,77,14/10/2025,2,8,7173,1426
3112,39,VIDEO,173,06/02/2025,16,19,2852,531
3113,7,SOCIALMEDIA,33,16/06/2024,20,10,6490,1208
3114,15,BLOG,439,07/08/2023,10,7,7093,1364
3115,48,NEWSLETTER,143,15/09/2024,5,7,4912,1021
3116,11,BLOG,42,04/12/2025,2,11,6870,1432
3117,37,SOCIALMEDIA,97,19/12/2024,2,1,5130,1053
3118,50,NEWSLETTER,64,26/05/2025,4,8,5267,973
3119,4,SOCIALMEDIA,148,17/03/2023,16,1,5895,1208
3120,13,SOCIALMEDIA,270,26/10/2025,20,20,4055,772
3121,40,SOCIALMEDIA,144,07/04/2025,7,2,5164,985
3122,3,NEWSLETTER,140,25/02/2024,1,12,6473,1330
3123,18,NEWSLETTER,150,12/01/2024,8,12,5147,978
3124,5,NEWSLETTER,2,03/02/2023,11,3,875,160
3125,16,SOCIALMEDIA,199,12/04/2023,6,4,4684,982
3126,37,BLOG,385,24/08/2023,20,5,7690,1583
3127,1,SOCIALMEDIA,7,12/11/2024,19,10,114,23
3128,2,SOCIALMEDIA,45,18/12/2025,11,20,5367,1056
3129,19,VIDEO,124,13/05/2024,20,6,6637,1334
3130,22,SOCIALMEDIA,408,18/03/2025,16,17,6354,1238
3131,4,VIDEO,219,25/09/2023,8,10,6275,1199
3132,13,NEWSLETTER,68,16/06/2023,13,16,2725,500
3133,11,SOCIALMEDIA,433,21/01/2023,2,9,8088,1637
3134,12,BLOG,386,03/11/2025,4,3,7850,1497
3135,44,SOCIALMEDIA,46,02/09/2024,14,3,1216,230
3136,47,NEWSLETTER,32,05/12/2024,6,19,4027,829
3137,31,BLOG,100,11/10/2025,3,20,8182,1512
3138,16,SOCIALMEDIA,348,22/10/2023,14,2,8111,1502
3139,43,NEWSLETTER,17,01/07/2023,16,13,272,51
3140,42,BLOG,232,16/12/2024,10,13,6909,1307
3141,11,VIDEO,46,24/06/2024,13,10,922,177
3142,37,NEWSLETTER,241,04/11/2024,4,12,5659,1029
3143,26,VIDEO,75,05/02/2024,7,17,3105,561
3144,27,NEWSLETTER,220,19/10/2024,3,18,6560,1341
3145,9,VIDEO,42,03/09/2025,15,9,1541,294
3146,49,SOCIALMEDIA,30,24/12/2023,5,3,4910,917
3147,13,NEWSLETTER,77,23/12/2024,7,17,1880,352
3148,24,SOCIALMEDIA,456,07/05/2023,9,9,7385,1394
3149,3,BLOG,39,25/06/2023,11,13,2684,506
3150,47,VIDEO,399,28/12/2025,17,5,6617,1331
3151,5,VIDEO,314,25/04/2025,11,5,5077,1065
3152,38,SOCIALMEDIA,151,01/06/2023,14,4,2339,479
3153,26,VIDEO,14,27/04/2025,20,8,252,49
3154,37,SOCIALMEDIA,487,01/10/2023,11,3,7552,1403
3155,10,BLOG,323,10/02/2023,3,10,8779,1709
3156,22,SOCIALMEDIA,450,05/01/2025,6,14,7030,1346
3157,12,NEWSLETTER,6,04/11/2024,1,16,8033,1629
3158,6,VIDEO,174,03/09/2025,19,16,6617,1386
3159,50,SOCIALMEDIA,2,22/05/2024,14,1,162,33
3160,50,BLOG,76,19/12/2023,20,6,6760,1372
3161,5,SOCIALMEDIA,285,17/07/2025,10,8,6371,1296
3162,32,BLOG,361,02/03/2023,14,11,8555,1646
3163,17,SOCIALMEDIA,67,16/07/2023,10,6,5132,1057
3164,44,NEWSLETTER,36,11/01/2025,10,18,690,125
3165,44,BLOG,77,16/06/2023,10,8,8635,1640
3166,26,BLOG,112,03/07/2023,13,11,5269,1102
3167,20,VIDEO,233,14/07/2025,2,13,6246,1160
3168,27,VIDEO,233,05/01/2025,8,18,6029,1217
3169,29,BLOG,1,27/03/2024,6,10,67,12
3170,39,SOCIALMEDIA,141,30/12/2025,14,14,2472,464
3171,46,NEWSLETTER,174,29/12/2025,13,18,3733,752
3172,46,VIDEO,328,22/03/2023,2,18,7152,1401
3173,33,SOCIALMEDIA,2,25/07/2024,12,13,72,14
3174,24,NEWSLETTER,59,26/08/2024,4,2,8381,1650
3175,29,VIDEO,140,29/12/2025,6,17,3181,633
3176,47,NEWSLETTER,13,17/05/2023,14,5,2747,507
3177,31,VIDEO,146,14/12/2023,12,16,7070,1435
3178,5,SOCIALMEDIA,4,11/03/2023,7,8,1591,297
3179,37,NEWSLETTER,264,01/06/2023,2,9,4233,764
3180,33,SOCIALMEDIA,49,04/05/2024,14,3,1932,366
3181,26,SOCIALMEDIA,52,31/05/2025,8,19,2761,554
3182,29,BLOG,5,11/09/2025,15,20,114,21
3183,14,VIDEO,10,01/12/2024,7,3,1791,356
3184,21,NEWSLETTER,64,17/06/2023,16,8,8304,1546
3185,34,BLOG,1,24/08/2024,8,14,7488,1354
3186,12,NEWSLETTER,138,15/07/2023,7,5,3267,684
3187,9,NEWSLETTER,41,06/08/2025,2,16,1054,195
3188,23,SOCIALMEDIA,310,01/04/2025,19,5,8607,1618
3189,4,NEWSLETTER,236,14/08/2023,17,11,3818,784
3190,44,SOCIALMEDIA,310,05/05/2025,16,10,6744,1341
3191,23,VIDEO,326,19/11/2023,1,7,6053,1166
3192,32,VIDEO,96,07/05/2023,11,9,6345,1294
3193,24,VIDEO,27,16/12/2025,16,7,7098,1307
3194,41,NEWSLETTER,458,25/03/2023,1,1,8414,1590
3195,3,BLOG,235,11/06/2025,14,18,5458,1095
3196,45,VIDEO,1,20/12/2024,14,6,221,42
3197,1,NEWSLETTER,262,20/06/2024,10,12,6662,1218
3198,16,VIDEO,104,25/08/2025,16,14,1736,331
3199,13,SOCIALMEDIA,69,01/01/2025,14,19,4588,897
3200,10,NEWSLETTER,27,14/07/2025,11,10,2302,426
3201,13,NEWSLETTER,275,18/02/2023,14,17,7951,1550
3202,43,VIDEO,73,18/03/2025,8,11,1360,276
3203,15,BLOG,91,27/04/2023,4,7,5471,1070
3204,43,SOCIALMEDIA,61,05/05/2025,19,19,5015,1018
3205,12,SOCIALMEDIA,117,15/07/2023,14,7,4894,972
3206,20,VIDEO,169,03/02/2024,15,15,4813,957
3207,27,SOCIALMEDIA,7,18/01/2025,13,14,4727,880
3208,37,NEWSLETTER,82,04/11/2025,3,2,4632,879
3209,2,SOCIALMEDIA,113,08/01/2023,3,2,2287,414
3210,50,NEWSLETTER,37,04/09/2025,18,3,1565,302
3211,23,SOCIALMEDIA,71,27/07/2024,16,20,5356,1011
3212,28,NEWSLETTER,43,28/12/2023,3,14,4816,961
3213,26,BLOG,37,21/12/2024,8,20,8676,1574
3214,10,BLOG,349,02/03/2023,6,19,8710,1797
3215,30,VIDEO,137,05/07/2025,19,8,3320,688
3216,30,NEWSLETTER,348,08/06/2025,3,6,6649,1255
3217,24,VIDEO,7,05/04/2025,5,2,4354,852
3218,36,NEWSLETTER,21,02/11/2024,20,15,3863,757
3219,26,NEWSLETTER,314,12/12/2025,16,8,8478,1586
3220,42,BLOG,379,23/03/2025,16,10,7540,1573
3221,49,BLOG,101,09/10/2023,2,7,1546,294
3222,23,BLOG,475,09/07/2024,4,17,8603,1699
3223,21,NEWSLETTER,298,22/12/2025,19,13,4575,923
3224,29,BLOG,101,18/01/2024,18,13,5510,1026
3225,36,BLOG,410,11/02/2025,3,1,7786,1518
3226,18,SOCIALMEDIA,44,30/03/2025,19,17,3232,599
3227,4,NEWSLETTER,160,13/09/2024,11,4,5960,1159
3228,17,VIDEO,252,30/04/2023,8,11,6313,1187
3229,14,SOCIALMEDIA,139,15/07/2024,10,10,2520,469
3230,31,BLOG,111,12/12/2025,17,6,8092,1624
3231,25,BLOG,31,24/11/2025,10,2,991,201
3232,42,NEWSLETTER,54,22/09/2024,2,2,5111,1022
3233,43,VIDEO,260,08/07/2025,18,11,4132,825
3234,29,NEWSLETTER,63,12/07/2025,3,8,1206,226
3235,47,NEWSLETTER,37,02/07/2023,10,16,4771,906
3236,2,SOCIALMEDIA,43,16/08/2025,12,18,1238,236
3237,39,BLOG,160,23/03/2023,1,12,4542,935
3238,40,SOCIALMEDIA,112,26/08/2025,18,12,3177,572
3239,20,SOCIALMEDIA,345,11/11/2025,16,16,8304,1639
3240,37,NEWSLETTER,43,05/07/2024,17,4,3795,754
3241,9,VIDEO,94,02/07/2025,13,20,5665,1133
3242,31,NEWSLETTER,15,31/08/2023,17,16,493,89
3243,2,BLOG,16,25/05/2023,13,14,3489,642
3244,27,SOCIALMEDIA,528,29/09/2023,4,1,8018,1561
3245,24,SOCIALMEDIA,1,03/08/2024,14,2,6384,1340
3246,20,VIDEO,108,28/01/2023,5,12,7299,1388
3247,1,BLOG,83,25/07/2023,17,7,4948,987
3248,33,VIDEO,390,15/11/2023,8,1,8821,1719
3249,47,NEWSLETTER,82,08/07/2025,6,19,6885,1280
3250,22,SOCIALMEDIA,106,13/03/2025,9,14,8137,1499
3251,8,VIDEO,57,20/02/2023,4,15,3700,771
3252,47,BLOG,478,12/01/2025,20,8,7200,1394
3253,6,BLOG,148,03/02/2023,7,15,3669,722
3254,32,NEWSLETTER,374,29/03/2023,8,1,7088,1292
3255,16,BLOG,36,28/08/2025,16,5,3740,759
3256,36,NEWSLETTER,28,26/04/2025,4,8,524,103
3257,33,BLOG,42,17/05/2023,6,18,1739,325
3258,8,SOCIALMEDIA,168,09/02/2025,16,8,6676,1258
3259,49,NEWSLETTER,245,19/07/2023,10,16,6633,1202
3260,45,SOCIALMEDIA,374,19/06/2024,15,1,5792,1174
3261,9,SOCIALMEDIA,121,04/11/2024,7,9,7610,1496
3262,33,NEWSLETTER,277,18/09/2025,11,18,7485,1547
3263,42,NEWSLETTER,430,15/12/2025,2,2,7629,1385
3264,4,SOCIALMEDIA,72,19/06/2023,4,1,1542,280
3265,41,NEWSLETTER,203,24/03/2023,6,14,5913,1113
3266,30,BLOG,69,01/11/2024,5,8,1214,220
3267,16,VIDEO,69,10/05/2025,7,14,960,200
3268,36,BLOG,79,20/04/2024,7,3,2888,569
3269,38,SOCIALMEDIA,401,27/02/2024,16,9,7619,1445
3270,49,VIDEO,238,10/01/2024,13,5,5285,1030
3271,9,NEWSLETTER,95,01/09/2025,12,15,3627,685
3272,22,NEWSLETTER,404,21/10/2023,18,8,7926,1543
3273,35,NEWSLETTER,14,13/04/2024,6,8,6782,1394
3274,38,VIDEO,46,25/12/2024,8,16,3720,760
3275,34,NEWSLETTER,6,01/08/2025,19,3,5324,1045
3276,50,BLOG,23,09/06/2023,11,19,686,142
3277,24,BLOG,51,27/05/2024,8,20,2213,423
3278,50,NEWSLETTER,31,26/12/2023,8,8,4255,783
3279,25,BLOG,177,25/09/2023,17,19,2942,561
3280,44,BLOG,171,12/09/2025,5,11,4666,895
3281,39,BLOG,99,15/09/2024,17,17,4352,803
3282,27,BLOG,15,25/11/2025,9,11,307,57
3283,50,BLOG,32,07/07/2023,7,19,8071,1597
3284,21,SOCIALMEDIA,555,23/11/2024,10,5,8509,1597
3285,4,VIDEO,136,16/01/2025,11,19,4707,932
3286,9,BLOG,309,08/06/2024,12,13,6400,1233
3287,48,SOCIALMEDIA,51,23/10/2025,13,15,977,201
3288,47,SOCIALMEDIA,133,27/06/2025,9,14,4150,797
3289,49,NEWSLETTER,48,01/12/2023,7,10,1908,362
3290,44,BLOG,356,04/03/2024,13,1,7351,1436
3291,6,BLOG,1,14/10/2023,15,2,3054,581
3292,44,SOCIALMEDIA,117,22/09/2024,16,4,5781,1083
3293,8,SOCIALMEDIA,256,07/12/2025,4,6,8488,1747
3294,38,NEWSLETTER,261,05/06/2024,7,13,8284,1639
3295,4,SOCIALMEDIA,62,22/10/2024,10,9,1494,297
3296,23,SOCIALMEDIA,63,09/11/2023,18,3,3607,719
3297,12,BLOG,111,09/10/2025,11,8,1797,336
3298,14,VIDEO,134,18/10/2025,7,14,5453,1090
3299,19,NEWSLETTER,269,28/03/2024,16,8,7298,1447
3300,36,VIDEO,143,09/06/2025,16,20,4452,831
3301,15,VIDEO,38,03/10/2025,1,7,6394,1273
3302,3,BLOG,142,04/02/2025,7,14,3269,669
3303,22,SOCIALMEDIA,169,22/05/2023,18,12,2646,528
3304,9,BLOG,44,09/12/2025,11,5,1475,301
3305,18,BLOG,77,27/03/2023,1,9,2006,380
3306,2,NEWSLETTER,42,18/08/2025,7,3,2376,480
3307,6,VIDEO,372,07/05/2025,9,15,7679,1545
3308,22,VIDEO,16,25/01/2023,16,20,2675,537
3309,1,SOCIALMEDIA,169,15/10/2023,13,9,3317,630
3310,44,BLOG,87,01/04/2023,19,8,1629,314
3311,14,SOCIALMEDIA,14,12/09/2024,10,13,260,50
3312,35,SOCIALMEDIA,13,30/08/2025,11,5,269,53
3313,11,NEWSLETTER,220,17/10/2024,11,15,6003,1121
3314,19,NEWSLETTER,4,07/10/2025,3,1,2498,473
3315,1,SOCIALMEDIA,267,31/03/2023,14,8,8153,1523
3316,19,SOCIALMEDIA,447,15/07/2025,20,9,7467,1495
3317,8,NEWSLETTER,75,26/10/2025,9,13,7533,1566
3318,41,BLOG,201,13/03/2023,5,6,3701,717
3319,27,NEWSLETTER,159,13/11/2025,7,5,5316,1002
3320,48,BLOG,39,23/06/2025,12,3,6812,1244
3321,41,SOCIALMEDIA,347,09/10/2023,18,7,5548,1114
3322,36,NEWSLETTER,101,25/05/2025,9,18,2089,438
3323,10,BLOG,393,29/07/2025,6,19,8110,1588
3324,11,SOCIALMEDIA,24,30/07/2025,5,8,1791,365
3325,15,VIDEO,256,31/07/2024,7,13,4806,900
3326,7,SOCIALMEDIA,168,02/11/2023,5,2,2722,569
3327,1,BLOG,316,02/07/2024,18,18,7894,1450
3328,18,BLOG,41,09/02/2023,15,1,805,161
3329,19,VIDEO,10,02/01/2023,20,17,3127,614
3330,46,SOCIALMEDIA,9,10/01/2023,5,5,323,61
3331,11,NEWSLETTER,399,13/03/2025,16,19,6847,1415
3332,47,SOCIALMEDIA,299,15/12/2025,16,8,6086,1221
3333,44,SOCIALMEDIA,343,03/04/2023,19,15,8424,1699
3334,9,BLOG,257,25/12/2024,20,19,4089,770
3335,38,VIDEO,309,01/02/2023,17,13,8237,1484
3336,47,SOCIALMEDIA,48,07/09/2025,16,12,1500,286
3337,8,BLOG,53,30/07/2024,8,8,6121,1168
3338,16,BLOG,89,12/05/2024,6,14,4725,907
3339,7,NEWSLETTER,73,05/04/2024,5,5,1965,380
3340,32,NEWSLETTER,203,16/12/2023,12,16,3130,605
3341,12,SOCIALMEDIA,3,03/04/2025,8,13,169,31
3342,24,BLOG,99,24/02/2024,10,12,4525,892
3343,40,SOCIALMEDIA,19,24/07/2023,14,19,1299,240
3344,5,BLOG,85,11/08/2023,19,8,2889,572
3345,13,SOCIALMEDIA,102,05/02/2023,19,15,3949,824
3346,35,BLOG,256,30/07/2024,16,5,4671,867
3347,12,BLOG,26,01/05/2025,7,1,4108,825
3348,24,NEWSLETTER,154,05/11/2025,18,15,2711,559
3349,9,NEWSLETTER,181,13/04/2024,17,13,5158,1064
3350,20,BLOG,62,07/06/2025,18,16,1486,304
3351,29,BLOG,234,14/02/2025,7,3,6078,1184
3352,50,VIDEO,145,21/06/2023,8,14,8378,1673
3353,23,VIDEO,167,02/10/2025,3,8,5456,1028
3354,3,VIDEO,77,23/10/2024,15,8,4180,864
3355,2,SOCIALMEDIA,24,20/10/2024,16,16,1060,212
3356,47,NEWSLETTER,106,21/12/2024,10,18,5143,937
3357,35,SOCIALMEDIA,288,26/05/2024,10,6,6363,1201
3358,33,SOCIALMEDIA,117,18/09/2024,4,20,8863,1768
3359,17,BLOG,432,04/09/2023,16,8,8662,1801
3360,8,NEWSLETTER,442,29/07/2025,6,11,7706,1571
3361,48,NEWSLETTER,365,30/09/2025,9,13,8381,1648
3362,8,BLOG,90,10/10/2024,17,18,1990,371
3363,2,SOCIALMEDIA,78,20/03/2023,12,11,6157,1249
3364,43,VIDEO,176,28/02/2023,8,8,3615,720
3365,28,VIDEO,82,29/10/2025,11,9,3086,560
3366,29,BLOG,64,20/11/2024,16,2,7301,1421
3367,16,NEWSLETTER,82,02/05/2023,6,18,5886,1079
3368,44,SOCIALMEDIA,47,12/11/2025,5,7,1699,351
3369,11,SOCIALMEDIA,97,14/01/2024,2,17,3849,776
3370,9,SOCIALMEDIA,35,06/02/2025,1,18,4199,758
3371,46,NEWSLETTER,169,30/03/2025,4,11,4006,790
3372,49,SOCIALMEDIA,20,06/02/2025,3,11,892,181
3373,48,BLOG,7,04/04/2023,16,14,7331,1355
3374,5,BLOG,6,24/02/2023,15,20,130,25
3375,15,NEWSLETTER,71,17/01/2024,4,5,4021,748
3376,11,BLOG,230,08/11/2024,11,2,4808,1007
3377,49,NEWSLETTER,1,09/08/2023,17,12,1718,337
3378,46,NEWSLETTER,60,30/08/2025,1,20,5459,1101
3379,17,BLOG,9,02/04/2023,14,17,512,99
3380,40,SOCIALMEDIA,124,15/07/2025,2,5,2808,524
3381,40,VIDEO,95,25/10/2024,19,9,1533,306
3382,12,BLOG,5,04/11/2025,8,16,1909,380
3383,11,BLOG,77,02/07/2025,1,8,2924,589
3384,22,BLOG,418,25/11/2025,2,13,6728,1389
3385,20,VIDEO,263,26/02/2025,9,17,6203,1191
3386,29,NEWSLETTER,119,18/03/2025,1,4,6915,1413
3387,31,NEWSLETTER,79,14/02/2024,19,17,1971,371
3388,33,BLOG,17,05/05/2025,18,17,8475,1706
3389,45,BLOG,116,27/07/2024,18,18,3108,583
3390,41,VIDEO,235,07/06/2024,1,5,5463,1010
3391,4,VIDEO,104,17/12/2023,17,13,4005,828
3392,45,SOCIALMEDIA,290,18/04/2023,15,20,6931,1257
3393,31,VIDEO,32,18/07/2025,13,16,3272,645
3394,43,VIDEO,34,02/02/2024,16,1,8031,1651
3395,6,SOCIALMEDIA,295,19/07/2025,12,19,4956,904
3396,46,SOCIALMEDIA,51,22/11/2023,17,9,3186,648
3397,12,NEWSLETTER,5,23/02/2024,5,19,1055,221
3398,8,NEWSLETTER,373,13/12/2025,16,11,7912,1433
3399,12,NEWSLETTER,13,15/07/2023,7,2,225,41
3400,18,SOCIALMEDIA,77,25/01/2024,1,6,2789,543
3401,16,VIDEO,55,17/09/2024,20,18,7840,1582
3402,40,SOCIALMEDIA,246,15/12/2023,12,3,4075,811
3403,24,BLOG,119,12/11/2024,13,9,1747,354
3404,44,BLOG,130,07/07/2023,19,17,6738,1275
3405,39,VIDEO,59,05/01/2023,5,13,3151,627
3406,25,VIDEO,2,23/07/2023,10,10,55,10
3407,48,SOCIALMEDIA,33,14/10/2023,19,5,2653,553
3408,49,NEWSLETTER,0,19/12/2025,15,6,102,18
3409,21,SOCIALMEDIA,324,27/04/2023,11,1,5502,1079
3410,50,VIDEO,384,04/05/2023,19,15,7881,1489
3411,12,SOCIALMEDIA,352,20/05/2024,16,14,5918,1238
3412,49,VIDEO,161,03/10/2023,15,11,7741,1468
3413,50,NEWSLETTER,5,30/08/2024,3,13,151,27
3414,42,VIDEO,490,19/07/2023,9,11,7635,1566
3415,22,SOCIALMEDIA,182,28/01/2023,18,3,4482,836
3416,22,NEWSLETTER,158,28/10/2023,2,13,6788,1411
3417,1,NEWSLETTER,273,18/02/2023,4,12,5387,1032
3418,31,VIDEO,64,11/09/2025,3,4,8434,1697
3419,41,SOCIALMEDIA,37,14/12/2024,8,9,1116,209
3420,7,BLOG,96,30/09/2023,10,10,6073,1228
3421,14,NEWSLETTER,617,29/09/2025,12,18,8487,1766
3422,48,NEWSLETTER,284,01/04/2024,11,8,5747,1063
3423,2,BLOG,78,17/12/2025,8,15,1238,238
3424,34,SOCIALMEDIA,300,28/09/2025,7,3,5339,1075
3425,5,BLOG,68,08/11/2024,6,2,1722,310
3426,9,NEWSLETTER,71,15/06/2025,12,20,1593,298
3427,14,BLOG,1,19/08/2024,1,13,56,10
3428,26,VIDEO,470,22/06/2023,17,6,7364,1424
3429,46,BLOG,79,13/12/2025,20,16,1675,313
3430,1,VIDEO,48,05/09/2025,18,5,6898,1272
3431,15,BLOG,280,18/05/2023,13,10,7726,1566
3432,30,NEWSLETTER,29,30/06/2025,13,15,671,121
3433,44,BLOG,208,03/08/2023,16,15,7063,1383
3434,7,SOCIALMEDIA,224,28/02/2024,14,4,4136,832
3435,36,BLOG,120,16/01/2025,1,19,4415,840
3436,20,SOCIALMEDIA,50,27/08/2024,19,9,1438,294
3437,22,VIDEO,74,23/01/2023,15,1,5400,1038
3438,47,VIDEO,154,23/12/2025,11,5,4967,934
3439,21,VIDEO,337,31/01/2023,15,13,7275,1402
3440,17,SOCIALMEDIA,69,26/09/2024,6,14,5282,999
3441,18,BLOG,79,15/07/2023,5,1,6844,1409
3442,4,VIDEO,51,16/09/2023,5,12,1439,268
3443,42,BLOG,534,28/09/2025,2,12,7923,1578
3444,27,NEWSLETTER,34,26/08/2024,17,8,1856,351
3445,41,BLOG,35,18/07/2025,6,3,4743,994
3446,24,VIDEO,224,26/07/2025,15,15,6308,1173
3447,48,VIDEO,61,23/12/2024,4,1,3432,653
3448,46,BLOG,226,02/10/2025,11,11,7254,1377
3449,10,BLOG,157,06/01/2023,5,5,2606,517
3450,4,BLOG,269,29/12/2024,10,20,6557,1305
3451,12,NEWSLETTER,155,05/09/2023,4,7,6994,1347
3452,21,NEWSLETTER,56,21/01/2023,1,6,1172,235
3453,47,SOCIALMEDIA,350,09/04/2023,10,6,7333,1463
3454,17,VIDEO,11,01/10/2025,10,9,222,43
3455,48,NEWSLETTER,67,04/04/2025,10,12,3252,670
3456,37,SOCIALMEDIA,63,19/08/2025,8,18,1729,357
3457,20,BLOG,31,20/12/2023,14,1,3195,584
3458,22,BLOG,236,10/05/2024,14,17,4419,856
3459,7,NEWSLETTER,253,12/08/2025,6,17,5139,952
3460,21,VIDEO,211,12/05/2025,19,16,8936,1666
3461,30,BLOG,276,17/06/2023,19,6,6956,1318
3462,10,NEWSLETTER,319,10/05/2024,13,20,5457,1033
3463,35,SOCIALMEDIA,450,28/07/2024,20,9,8180,1620
3464,22,NEWSLETTER,80,16/04/2023,17,6,4908,894
3465,27,VIDEO,61,23/12/2023,4,17,5912,1153
3466,25,BLOG,68,10/11/2023,13,13,3287,615
3467,1,BLOG,2,18/04/2023,20,17,562,118
3468,49,SOCIALMEDIA,293,12/08/2023,9,9,5050,957
3469,10,NEWSLETTER,127,24/05/2024,12,1,4881,1010
3470,20,NEWSLETTER,54,08/02/2023,19,12,7426,1477
3471,43,SOCIALMEDIA,79,28/08/2023,2,7,4952,1019
3472,2,SOCIALMEDIA,196,18/06/2024,14,15,4734,873
3473,3,BLOG,137,19/09/2023,20,7,3268,664
3474,9,BLOG,98,13/04/2024,4,11,6722,1254
3475,3,SOCIALMEDIA,153,13/03/2024,12,4,6015,1260
3476,34,BLOG,2,05/04/2024,8,1,358,68
3477,29,BLOG,3,29/07/2023,17,2,2544,520
3478,43,VIDEO,121,21/10/2024,5,9,2620,476
3479,7,SOCIALMEDIA,228,26/07/2024,10,12,8537,1783
3480,36,VIDEO,397,03/04/2023,4,12,6070,1207
3481,3,VIDEO,344,23/02/2025,16,1,5376,986
3482,45,NEWSLETTER,70,13/02/2023,1,11,2789,560
3483,31,VIDEO,244,04/01/2023,10,15,3668,739
3484,38,NEWSLETTER,100,25/06/2024,2,7,3683,748
3485,28,VIDEO,3,26/10/2025,11,10,4812,973
3486,11,NEWSLETTER,434,04/12/2024,13,15,8775,1673
3487,21,SOCIALMEDIA,406,12/02/2025,19,5,5793,1189
3488,12,BLOG,148,09/10/2023,16,12,8261,1553
3489,18,NEWSLETTER,21,08/10/2025,15,20,6513,1181
3490,13,VIDEO,8,06/12/2023,2,1,1722,357
3491,19,VIDEO,279,18/05/2023,12,19,4755,920
3492,29,BLOG,136,08/04/2023,12,3,2364,426
3493,3,NEWSLETTER,6,24/06/2025,4,1,4303,795
3494,38,SOCIALMEDIA,112,13/09/2023,19,18,2685,495
3495,26,NEWSLETTER,83,11/03/2023,13,12,2881,522
3496,14,BLOG,72,15/04/2025,12,8,8202,1481
3497,30,SOCIALMEDIA,32,23/01/2025,16,13,5476,1037
3498,14,BLOG,269,18/12/2024,15,1,5558,1021
3499,30,BLOG,159,08/05/2024,4,19,5185,1011
3500,21,SOCIALMEDIA,222,28/11/2023,19,6,3602,714
3501,35,SOCIALMEDIA,412,14/02/2024,3,8,7576,1397
3502,16,NEWSLETTER,63,24/08/2023,9,17,5860,1127
3503,3,NEWSLETTER,31,05/04/2023,14,7,507,91
3504,37,SOCIALMEDIA,317,27/12/2024,20,17,7552,1534
3505,37,NEWSLETTER,330,02/05/2025,8,5,5931,1226
3506,9,VIDEO,243,28/02/2024,6,9,7212,1342
3507,44,NEWSLETTER,77,29/01/2023,17,16,4413,922
3508,3,VIDEO,37,09/06/2024,17,7,694,136
3509,5,VIDEO,111,01/01/2024,9,20,7597,1567
3510,8,NEWSLETTER,113,13/06/2024,4,17,6511,1253
3511,6,SOCIALMEDIA,37,27/02/2025,19,9,1740,351
3512,16,VIDEO,3,20/04/2024,3,19,1907,397
3513,46,NEWSLETTER,22,16/11/2024,17,7,2607,489
3514,4,SOCIALMEDIA,216,17/12/2023,12,5,4910,923
3515,50,BLOG,42,21/12/2025,12,17,7743,1608
3516,34,NEWSLETTER,238,24/11/2024,4,18,6384,1201
3517,25,SOCIALMEDIA,496,24/09/2025,2,20,8753,1671
3518,18,SOCIALMEDIA,128,17/07/2025,8,12,6328,1255
3519,6,SOCIALMEDIA,63,08/09/2024,6,8,2097,424
3520,15,BLOG,158,22/12/2025,12,11,2440,507
3521,3,BLOG,96,19/10/2025,11,2,2590,492
3522,32,SOCIALMEDIA,67,12/10/2024,20,15,3493,685
3523,19,SOCIALMEDIA,425,05/02/2024,4,1,6308,1225
3524,44,NEWSLETTER,23,06/03/2025,15,19,1233,252
3525,23,SOCIALMEDIA,236,20/08/2024,20,17,6547,1193
3526,18,SOCIALMEDIA,35,29/05/2024,20,7,1543,279
3527,22,SOCIALMEDIA,280,10/04/2024,1,11,6319,1180
3528,29,VIDEO,224,30/11/2025,19,9,6132,1220
3529,32,BLOG,249,26/06/2025,15,7,7119,1302
3530,18,VIDEO,30,09/04/2025,13,16,6265,1306
3531,39,BLOG,189,14/09/2023,19,15,8088,1634
3532,39,SOCIALMEDIA,210,06/02/2025,9,14,4443,905
3533,26,SOCIALMEDIA,18,22/05/2025,9,2,1088,218
3534,13,BLOG,87,21/06/2023,11,2,2392,463
3535,43,NEWSLETTER,178,27/03/2023,16,11,5851,1194
3536,47,SOCIALMEDIA,65,10/04/2025,3,7,5881,1132
3537,44,BLOG,167,04/11/2024,4,17,2882,598
3538,1,VIDEO,24,01/03/2023,13,8,1098,211
3539,30,BLOG,432,13/05/2024,14,18,7296,1314
3540,45,VIDEO,265,23/06/2025,15,4,8880,1622
3541,14,VIDEO,33,07/10/2024,6,1,790,155
3542,21,NEWSLETTER,59,04/10/2023,1,17,3616,738
3543,23,SOCIALMEDIA,56,30/10/2025,10,11,898,166
3544,39,NEWSLETTER,8,16/11/2023,5,14,346,65
3545,18,BLOG,172,08/10/2024,6,16,6529,1324
3546,28,VIDEO,75,05/01/2024,2,7,7510,1471
3547,7,NEWSLETTER,166,25/03/2024,14,6,2586,533
3548,30,VIDEO,272,14/12/2025,15,5,6091,1174
3549,39,SOCIALMEDIA,132,12/11/2023,18,3,3360,625
3550,12,BLOG,65,23/03/2025,3,6,2923,608
3551,26,VIDEO,124,21/10/2024,13,2,4338,909
3552,37,NEWSLETTER,140,17/05/2025,6,1,4261,881
3553,11,SOCIALMEDIA,266,29/10/2023,2,17,7440,1470
3554,45,NEWSLETTER,397,01/08/2024,1,12,8522,1774
3555,38,VIDEO,57,28/07/2025,19,3,4623,919
3556,43,BLOG,422,25/06/2025,16,14,6191,1209
3557,44,SOCIALMEDIA,123,13/01/2023,5,9,3299,644
3558,41,BLOG,178,26/02/2024,7,2,2703,510
3559,19,BLOG,432,28/09/2025,12,9,8105,1670
3560,34,NEWSLETTER,445,25/05/2023,18,12,7932,1448
3561,14,VIDEO,95,01/02/2025,2,2,8173,1679
3562,43,BLOG,163,23/12/2023,12,5,3561,643
3563,3,VIDEO,162,15/07/2024,1,5,2736,547
3564,35,BLOG,16,30/01/2023,2,8,606,115
3565,32,NEWSLETTER,47,19/10/2024,16,16,2796,531
3566,49,BLOG,240,31/01/2024,11,2,7233,1389
3567,43,BLOG,11,03/03/2024,17,16,6272,1235
3568,46,VIDEO,3,12/06/2023,6,1,2504,523
3569,46,BLOG,50,29/01/2024,20,16,3663,682
3570,26,VIDEO,32,29/10/2025,4,18,501,98
3571,17,BLOG,178,25/08/2024,5,15,4920,901
3572,24,NEWSLETTER,12,27/07/2024,14,12,423,80
3573,18,NEWSLETTER,112,20/09/2025,10,17,2563,534
3574,11,NEWSLETTER,306,28/06/2023,4,6,4827,942
3575,7,BLOG,29,25/05/2025,14,4,1348,276
3576,15,BLOG,374,06/03/2023,4,8,5771,1136
3577,6,BLOG,89,12/05/2023,1,2,5700,1079
3578,23,SOCIALMEDIA,84,14/03/2025,8,18,5834,1220
3579,8,VIDEO,40,16/08/2024,2,3,759,139
3580,21,NEWSLETTER,82,20/11/2025,10,15,1901,393
3581,27,SOCIALMEDIA,206,07/11/2024,14,3,4222,865
3582,14,BLOG,301,26/08/2025,19,10,8618,1703
3583,26,VIDEO,197,01/06/2023,15,4,6513,1315
3584,4,NEWSLETTER,12,23/11/2025,19,19,691,140
3585,1,BLOG,365,06/10/2025,1,18,5969,1150
3586,8,SOCIALMEDIA,287,12/03/2023,14,12,4721,854
3587,14,BLOG,184,22/12/2023,17,19,3386,708
3588,33,BLOG,102,11/10/2024,2,8,2216,406
3589,48,VIDEO,94,22/09/2025,19,17,2876,599
3590,47,BLOG,536,05/07/2024,11,16,8010,1639
3591,44,BLOG,252,03/07/2023,4,1,5382,982
3592,28,NEWSLETTER,271,16/02/2023,13,2,7507,1361
3593,22,SOCIALMEDIA,17,20/07/2023,4,8,272,55
3594,13,NEWSLETTER,149,17/05/2023,20,7,5389,1015
3595,34,NEWSLETTER,149,18/12/2024,1,10,8302,1710
3596,34,SOCIALMEDIA,184,19/11/2025,1,4,5007,914
3597,39,BLOG,155,09/04/2025,7,6,3922,710
3598,23,BLOG,406,21/09/2025,14,6,8865,1798
3599,42,SOCIALMEDIA,134,04/03/2023,12,17,6581,1208
3600,23,BLOG,309,01/12/2025,10,2,5086,1046
3601,49,BLOG,176,06/01/2024,2,3,3327,604
3602,46,SOCIALMEDIA,469,07/05/2023,5,13,8969,1640
3603,13,VIDEO,167,29/09/2025,6,13,8925,1811
3604,50,VIDEO,22,18/01/2025,11,1,3643,675
3605,11,SOCIALMEDIA,41,20/07/2023,2,6,3442,695
3606,39,BLOG,65,06/06/2024,10,10,2858,545
3607,41,VIDEO,187,03/03/2024,8,13,7325,1403
3608,6,SOCIALMEDIA,380,22/05/2024,13,12,7508,1558
3609,30,VIDEO,40,10/02/2023,16,20,7692,1543
3610,10,NEWSLETTER,221,30/04/2023,4,5,3584,705
3611,16,NEWSLETTER,187,28/12/2023,3,12,5669,1046
3612,22,NEWSLETTER,49,15/01/2024,4,11,5119,925
3613,7,NEWSLETTER,7,05/08/2024,7,19,330,61
3614,29,SOCIALMEDIA,104,23/02/2025,15,6,6737,1292
3615,35,NEWSLETTER,6,20/12/2025,17,2,912,170
3616,36,VIDEO,78,03/11/2024,10,12,3342,659
3617,30,NEWSLETTER,177,26/03/2024,11,15,3372,649
3618,7,BLOG,560,12/03/2025,17,17,8688,1724
3619,28,NEWSLETTER,314,26/02/2025,1,2,6706,1252
3620,16,NEWSLETTER,170,16/01/2024,9,17,6996,1428
3621,14,BLOG,314,30/01/2024,7,12,6079,1225
3622,15,NEWSLETTER,42,30/12/2023,10,18,2473,510
3623,11,BLOG,313,08/11/2025,17,13,7427,1341
3624,4,NEWSLETTER,21,26/04/2023,19,15,524,103
3625,19,NEWSLETTER,150,27/08/2023,9,13,3839,796
3626,49,NEWSLETTER,140,23/10/2023,12,19,3730,729
3627,6,VIDEO,53,08/12/2023,11,5,8459,1676
3628,32,SOCIALMEDIA,30,11/05/2025,19,13,5448,1020
3629,13,VIDEO,143,29/06/2025,17,9,3278,666
3630,40,BLOG,184,16/02/2024,8,15,4566,908
3631,1,VIDEO,8,19/10/2024,14,4,5970,1196
3632,27,SOCIALMEDIA,72,11/02/2023,1,15,1612,318
3633,49,VIDEO,202,22/04/2023,2,4,3556,705
3634,22,SOCIALMEDIA,18,13/10/2025,4,19,2422,470
3635,49,BLOG,57,16/02/2024,7,9,899,184
3636,3,VIDEO,271,28/04/2024,7,2,6545,1325
3637,43,BLOG,132,01/07/2024,15,1,2902,555
3638,20,BLOG,96,20/06/2025,3,7,1686,312
3639,27,VIDEO,233,24/01/2024,2,1,6881,1333
3640,29,VIDEO,7,26/05/2023,5,10,1926,349
3641,28,SOCIALMEDIA,328,30/06/2023,2,18,6158,1122
3642,20,BLOG,171,17/11/2023,14,17,8736,1605
3643,49,BLOG,139,12/11/2025,13,5,5559,1098
3644,23,NEWSLETTER,378,15/03/2025,10,10,5686,1093
3645,9,BLOG,24,16/07/2025,14,19,3244,666
3646,26,NEWSLETTER,64,26/10/2024,17,18,2361,469
3647,25,SOCIALMEDIA,215,04/12/2024,3,13,3161,621
3648,39,SOCIALMEDIA,346,10/10/2023,1,19,5668,1189
3649,45,BLOG,502,28/03/2025,16,10,8549,1736
3650,7,SOCIALMEDIA,239,24/01/2025,7,14,8447,1700
3651,9,VIDEO,278,20/01/2025,3,19,6490,1261
3652,50,VIDEO,106,20/07/2023,19,11,6918,1374
3653,40,SOCIALMEDIA,411,18/07/2023,19,7,6948,1392
3654,43,BLOG,226,07/09/2025,8,10,3380,681
3655,27,VIDEO,6,30/07/2024,17,14,206,38
3656,19,BLOG,81,29/08/2025,12,12,7564,1534
3657,21,NEWSLETTER,181,03/11/2023,1,7,4391,851
3658,38,SOCIALMEDIA,229,20/01/2023,9,17,5584,1065
3659,35,BLOG,101,03/08/2024,10,11,4757,972
3660,29,VIDEO,17,08/02/2023,5,9,865,164
3661,6,BLOG,153,22/01/2023,15,20,3552,739
3662,9,VIDEO,396,07/03/2024,7,9,8831,1681
3663,42,VIDEO,94,11/12/2023,18,14,1943,356
3664,13,NEWSLETTER,132,17/12/2024,15,1,4489,906
3665,22,NEWSLETTER,60,26/06/2024,9,3,1663,347
3666,9,VIDEO,50,20/06/2024,19,9,1663,336
3667,7,SOCIALMEDIA,406,28/06/2024,19,3,7172,1381
3668,13,VIDEO,37,31/12/2025,15,10,1494,293
3669,6,SOCIALMEDIA,525,04/04/2024,3,11,8355,1627
3670,13,SOCIALMEDIA,198,19/03/2025,8,4,4114,823
3671,43,BLOG,357,18/10/2024,15,9,5627,1028
3672,32,NEWSLETTER,149,28/09/2025,13,9,5591,1151
3673,36,SOCIALMEDIA,301,25/12/2025,8,3,5538,1129
3674,8,BLOG,224,23/11/2025,18,4,4968,929
3675,25,SOCIALMEDIA,21,28/03/2023,5,12,3255,586
3676,36,BLOG,223,06/03/2024,8,9,4508,924
3677,26,SOCIALMEDIA,560,21/05/2025,9,20,8542,1691
3678,47,NEWSLETTER,275,16/10/2024,7,8,4752,924
3679,37,SOCIALMEDIA,5,03/06/2025,10,14,7721,1403
3680,39,VIDEO,18,10/11/2024,12,12,709,130
3681,35,VIDEO,310,29/03/2025,18,1,6270,1235
3682,38,NEWSLETTER,328,17/05/2025,7,15,8034,1493
3683,13,VIDEO,228,02/05/2025,7,11,4395,820
3684,27,NEWSLETTER,429,02/07/2024,1,14,7387,1462
3685,30,SOCIALMEDIA,63,15/08/2023,13,19,1849,350
3686,9,VIDEO,38,30/09/2023,14,9,951,175
3687,45,SOCIALMEDIA,436,13/12/2024,9,16,8293,1507
3688,9,NEWSLETTER,336,05/03/2024,14,11,7318,1407
3689,15,VIDEO,478,18/11/2025,19,1,7472,1533
3690,1,NEWSLETTER,142,13/11/2025,10,8,3400,709
3691,14,VIDEO,173,03/08/2024,1,3,3079,587
3692,6,NEWSLETTER,229,08/08/2024,12,2,6403,1193
3693,16,SOCIALMEDIA,25,26/08/2024,1,12,1848,357
3694,42,SOCIALMEDIA,43,29/11/2024,16,18,2469,495
3695,36,BLOG,557,24/05/2025,12,19,8883,1792
3696,17,VIDEO,53,24/01/2025,3,4,2512,498
3697,28,VIDEO,57,23/04/2024,12,12,1985,367
3698,17,NEWSLETTER,15,25/04/2023,4,18,1627,307
3699,27,SOCIALMEDIA,354,10/01/2023,18,5,6603,1295
3700,17,NEWSLETTER,10,27/03/2023,10,11,8665,1804
3701,39,VIDEO,426,08/08/2024,16,8,7096,1340
3702,45,BLOG,117,12/10/2024,13,12,3811,752
3703,48,VIDEO,342,10/10/2023,14,13,8806,1781
3704,41,BLOG,2,29/01/2025,18,1,77,15
3705,26,VIDEO,19,07/02/2023,6,17,1735,335
3706,35,BLOG,127,15/07/2025,9,16,4080,756
3707,37,BLOG,184,22/08/2025,4,2,7672,1396
3708,3,VIDEO,17,27/09/2025,7,10,530,100
3709,42,BLOG,92,22/12/2023,15,14,5368,1004
3710,42,VIDEO,25,20/05/2023,15,19,6578,1259
3711,2,SOCIALMEDIA,259,20/09/2025,3,6,6458,1268
3712,46,NEWSLETTER,147,01/08/2024,2,17,2180,450
3713,2,NEWSLETTER,0,25/03/2024,11,1,588,117
3714,39,NEWSLETTER,35,25/06/2023,16,8,1035,217
3715,6,BLOG,45,14/03/2024,13,13,1075,193
3716,1,BLOG,0,03/07/2023,19,10,688,129
3717,49,BLOG,526,02/11/2025,5,14,8076,1548
3718,26,NEWSLETTER,50,21/05/2024,4,2,989,185
3719,46,VIDEO,10,01/04/2023,5,15,204,41
3720,49,NEWSLETTER,85,18/05/2023,20,18,1568,301
3721,33,VIDEO,259,15/06/2023,13,3,8528,1557
3722,21,BLOG,26,18/10/2024,8,2,1067,223
3723,39,NEWSLETTER,26,28/10/2024,18,6,935,189
3724,44,SOCIALMEDIA,140,30/06/2023,9,20,3199,606
3725,4,SOCIALMEDIA,204,21/04/2025,3,1,7525,1378
3726,25,BLOG,227,18/07/2024,17,7,7594,1492
3727,40,NEWSLETTER,181,26/05/2024,6,6,3040,586
3728,13,VIDEO,12,17/05/2024,2,19,584,113
3729,38,NEWSLETTER,174,13/09/2024,11,8,6207,1179
3730,41,BLOG,184,09/11/2025,3,2,5749,1053
3731,36,NEWSLETTER,40,07/04/2024,1,15,2106,428
3732,27,SOCIALMEDIA,265,17/01/2023,3,10,4862,1014
3733,50,NEWSLETTER,140,02/09/2024,18,14,4051,759
3734,1,NEWSLETTER,285,20/12/2024,12,7,6696,1400
3735,12,SOCIALMEDIA,310,06/12/2023,4,1,7484,1522
3736,24,VIDEO,232,14/05/2023,20,4,4985,985
3737,5,BLOG,109,09/09/2023,19,1,3299,620
3738,14,BLOG,60,24/03/2024,13,6,3640,724
3739,46,VIDEO,113,27/10/2023,1,20,3899,769
3740,21,VIDEO,7,15/11/2023,9,15,1287,263
3741,24,BLOG,357,25/05/2025,15,16,8964,1877
3742,46,VIDEO,37,12/11/2025,17,9,737,145
3743,17,BLOG,215,05/03/2025,13,2,4466,812
3744,36,SOCIALMEDIA,2,22/06/2024,15,7,455,91
3745,30,BLOG,50,20/12/2024,3,20,6404,1192
3746,4,SOCIALMEDIA,171,03/12/2025,1,13,2535,502
3747,50,VIDEO,248,06/04/2025,19,7,7774,1545
3748,6,VIDEO,115,17/09/2023,16,12,3819,727
3749,21,NEWSLETTER,276,29/11/2024,15,12,8635,1726
3750,18,BLOG,152,19/07/2024,1,7,2628,479
3751,35,SOCIALMEDIA,7,12/01/2024,17,9,353,65
3752,4,NEWSLETTER,224,04/01/2024,14,13,6377,1287
3753,34,NEWSLETTER,73,31/08/2023,14,1,7589,1384
3754,13,NEWSLETTER,53,06/04/2025,14,14,4302,875
3755,7,BLOG,104,14/06/2024,17,10,8188,1562
3756,45,VIDEO,151,21/03/2023,5,7,2536,519
3757,8,NEWSLETTER,10,28/04/2024,20,8,5881,1070
3758,6,NEWSLETTER,19,13/06/2024,14,12,763,156
3759,26,SOCIALMEDIA,229,09/03/2024,20,15,5665,1028
3760,10,SOCIALMEDIA,431,16/08/2025,3,18,8106,1544
3761,29,BLOG,60,20/01/2025,11,7,3518,705
3762,21,NEWSLETTER,247,24/02/2024,6,15,6241,1236
3763,25,NEWSLETTER,2,01/10/2023,15,8,4425,822
3764,27,VIDEO,307,22/01/2025,5,2,8944,1809
3765,34,VIDEO,54,17/09/2025,15,6,3227,660
3766,49,VIDEO,287,26/06/2024,3,7,6694,1206
3767,49,VIDEO,72,05/04/2024,15,3,2435,448
3768,3,VIDEO,186,22/09/2023,10,20,6571,1286
3769,44,BLOG,52,14/10/2023,16,11,1335,268
3770,39,VIDEO,94,20/07/2024,15,2,4263,828
3771,4,NEWSLETTER,372,20/10/2025,13,18,7517,1406
3772,10,SOCIALMEDIA,49,25/06/2023,4,16,5260,950
3773,24,VIDEO,247,24/11/2025,15,15,6467,1270
3774,43,BLOG,82,20/12/2023,7,4,1853,348
3775,28,BLOG,0,01/08/2023,16,19,181,36
3776,44,VIDEO,151,23/07/2024,7,14,3463,627
3777,6,SOCIALMEDIA,164,01/03/2023,6,3,5762,1152
3778,50,VIDEO,322,03/01/2023,12,6,5846,1132
3779,34,NEWSLETTER,363,20/05/2025,16,19,5880,1223
3780,44,VIDEO,112,25/05/2023,18,16,2184,438
3781,38,SOCIALMEDIA,65,02/08/2025,15,15,1044,195
3782,16,SOCIALMEDIA,212,07/01/2023,2,16,7917,1640
3783,18,VIDEO,64,28/06/2023,5,2,2331,421
3784,46,BLOG,23,25/07/2025,7,12,714,143
3785,21,NEWSLETTER,58,22/01/2024,12,7,3601,742
3786,41,BLOG,298,11/08/2025,19,17,4612,924
3787,29,VIDEO,160,12/11/2023,13,20,2932,531
3788,5,BLOG,610,28/01/2025,7,15,8427,1768
3789,27,VIDEO,200,21/06/2023,4,10,5654,1052
3790,3,NEWSLETTER,345,18/04/2024,15,12,8975,1638
3791,5,NEWSLETTER,40,12/04/2023,3,3,7359,1365
3792,26,SOCIALMEDIA,355,05/05/2024,15,1,7238,1326
3793,18,VIDEO,115,23/07/2024,4,11,5636,1101
3794,17,BLOG,32,21/01/2025,12,17,1329,260
3795,46,SOCIALMEDIA,38,28/11/2023,20,16,5572,1052
3796,25,BLOG,29,26/12/2025,9,20,5270,977
3797,40,NEWSLETTER,15,29/09/2024,3,19,4921,968
3798,11,VIDEO,298,27/09/2025,9,3,5636,1034
3799,2,BLOG,30,30/11/2024,4,15,608,127
3800,8,SOCIALMEDIA,465,02/05/2023,8,17,7593,1536
3801,2,SOCIALMEDIA,191,19/01/2023,18,11,2903,584
3802,3,VIDEO,75,02/10/2023,19,8,1916,387
3803,24,VIDEO,28,20/01/2025,14,4,451,90
3804,35,SOCIALMEDIA,287,02/02/2023,14,20,6435,1276
3805,42,VIDEO,47,24/05/2023,19,18,2862,582
3806,31,SOCIALMEDIA,151,19/01/2024,2,6,2531,456
3807,17,SOCIALMEDIA,119,01/04/2025,2,1,2889,532
3808,7,VIDEO,121,21/06/2023,13,9,7447,1451
3809,36,NEWSLETTER,107,08/01/2024,9,1,2271,446
3810,18,NEWSLETTER,109,18/04/2023,5,4,2590,486
3811,4,VIDEO,155,11/01/2024,10,8,3594,743
3812,1,SOCIALMEDIA,67,31/05/2023,16,13,1849,380
3813,38,BLOG,259,23/04/2024,6,10,6462,1195
3814,22,NEWSLETTER,71,19/12/2025,20,17,1410,273
3815,41,VIDEO,502,23/06/2023,10,9,8926,1659
3816,4,NEWSLETTER,78,24/04/2023,9,19,3689,757
3817,21,SOCIALMEDIA,39,14/02/2024,7,20,701,140
3818,15,BLOG,263,19/09/2025,15,6,4772,898
3819,8,SOCIALMEDIA,115,17/01/2025,9,12,1967,375
3820,35,SOCIALMEDIA,283,12/10/2023,20,12,4939,926
3821,2,NEWSLETTER,224,10/10/2024,20,10,3905,720
3822,15,SOCIALMEDIA,183,25/08/2024,17,17,6300,1146
3823,21,VIDEO,142,20/07/2024,19,8,2627,495
3824,9,BLOG,136,28/04/2023,14,1,2973,554
3825,22,SOCIALMEDIA,67,26/01/2024,7,2,1201,242
3826,34,NEWSLETTER,23,15/07/2025,1,18,386,75
3827,39,SOCIALMEDIA,4,26/05/2024,16,2,2108,394
3828,9,BLOG,104,12/03/2024,3,10,3134,630
3829,44,VIDEO,176,20/07/2023,13,2,4616,842
3830,12,SOCIALMEDIA,8,28/10/2023,9,19,2589,478
3831,16,SOCIALMEDIA,44,05/04/2024,19,1,3134,599
3832,16,VIDEO,506,12/07/2023,20,9,8467,1731
3833,47,SOCIALMEDIA,267,30/04/2024,4,13,4813,898
3834,37,SOCIALMEDIA,29,29/11/2025,20,4,7777,1468
3835,41,BLOG,287,12/06/2025,7,19,4201,827
3836,42,VIDEO,49,24/02/2023,20,5,1174,235
3837,13,NEWSLETTER,258,17/02/2024,9,9,4833,908
3838,24,NEWSLETTER,281,05/06/2023,9,17,5141,1068
3839,50,SOCIALMEDIA,87,21/06/2025,12,17,3503,734
3840,39,SOCIALMEDIA,10,19/03/2023,2,9,222,41
3841,44,NEWSLETTER,254,08/08/2025,19,20,7292,1391
3842,32,VIDEO,297,22/01/2025,16,20,5870,1120
3843,22,SOCIALMEDIA,32,23/03/2025,11,14,2705,522
3844,47,BLOG,145,22/10/2024,12,15,2349,429
3845,3,SOCIALMEDIA,81,16/03/2025,14,2,5201,968
3846,2,SOCIALMEDIA,154,09/12/2024,5,6,4276,771
3847,37,SOCIALMEDIA,25,30/07/2024,10,11,5150,943
3848,30,VIDEO,3,19/02/2023,13,11,2633,489
3849,17,NEWSLETTER,3,15/03/2024,5,18,722,146
3850,36,SOCIALMEDIA,18,15/02/2025,2,12,5400,1088
3851,7,BLOG,38,25/07/2025,13,20,762,150
3852,16,BLOG,29,04/10/2025,9,12,2884,561
3853,43,BLOG,350,10/03/2023,8,8,6815,1361
3854,16,NEWSLETTER,105,22/10/2024,9,18,4381,915
3855,20,BLOG,7,22/04/2024,4,1,487,93
3856,35,BLOG,41,19/09/2025,9,7,1876,346
3857,4,BLOG,221,06/12/2024,12,2,3538,735
3858,26,BLOG,191,11/09/2024,18,6,3628,697
3859,26,VIDEO,24,26/08/2025,20,9,4086,799
3860,26,NEWSLETTER,118,03/06/2025,2,7,3437,639
3861,8,BLOG,22,24/12/2023,18,6,1164,241
3862,8,NEWSLETTER,168,27/06/2024,6,18,4078,747
3863,17,NEWSLETTER,271,25/03/2025,11,3,6151,1216
3864,9,VIDEO,382,24/06/2023,4,1,6442,1342
3865,18,NEWSLETTER,226,13/10/2023,17,17,4674,958
3866,50,VIDEO,96,29/01/2024,17,5,5998,1137
3867,47,VIDEO,137,08/08/2023,6,18,2185,410
3868,33,NEWSLETTER,0,03/05/2024,4,8,8195,1592
3869,29,SOCIALMEDIA,430,26/07/2023,11,20,6529,1285
3870,31,VIDEO,274,11/09/2024,11,1,4209,797
3871,36,BLOG,30,19/12/2024,20,16,966,179
3872,25,SOCIALMEDIA,66,25/06/2024,9,8,1171,220
3873,31,SOCIALMEDIA,48,26/07/2025,12,16,3181,617
3874,24,SOCIALMEDIA,366,05/03/2025,12,17,7933,1596
3875,12,SOCIALMEDIA,294,26/08/2024,7,18,5346,1113
3876,6,VIDEO,224,20/01/2023,15,11,7479,1556
3877,14,BLOG,84,25/05/2025,1,1,4859,962
3878,15,VIDEO,124,20/08/2023,6,10,2719,501
3879,16,SOCIALMEDIA,17,02/01/2024,2,15,1534,314
3880,12,BLOG,100,29/07/2023,14,8,1600,319
3881,12,SOCIALMEDIA,34,16/01/2025,7,9,3682,697
3882,46,NEWSLETTER,442,10/10/2024,1,13,8649,1692
3883,9,BLOG,194,08/01/2025,19,5,4732,936
3884,41,VIDEO,146,21/11/2023,14,19,3761,679
3885,29,NEWSLETTER,22,12/05/2023,2,15,792,151
3886,15,NEWSLETTER,60,25/02/2024,17,19,1614,317
3887,35,NEWSLETTER,206,25/01/2024,13,16,7936,1636
3888,16,NEWSLETTER,422,11/05/2023,13,17,7990,1593
3889,3,BLOG,473,02/04/2023,9,5,8054,1492
3890,18,VIDEO,1,29/05/2025,8,19,1463,274
3891,4,BLOG,307,08/01/2023,13,5,7035,1404
3892,20,NEWSLETTER,191,05/02/2023,4,11,6832,1433
3893,5,VIDEO,12,05/06/2023,1,10,408,80
3894,38,VIDEO,257,07/06/2024,1,19,4710,935
3895,36,SOCIALMEDIA,151,10/11/2025,14,19,2835,530
3896,46,VIDEO,391,17/12/2023,5,9,7260,1348
3897,39,BLOG,423,30/10/2024,5,12,6835,1238
3898,29,NEWSLETTER,295,21/11/2025,14,17,6599,1373
3899,34,SOCIALMEDIA,123,05/03/2023,12,10,4873,1004
3900,6,BLOG,224,26/07/2024,11,13,8017,1572
3901,3,VIDEO,56,27/03/2023,14,8,919,176
3902,50,SOCIALMEDIA,4,26/04/2023,11,7,310,58
3903,43,NEWSLETTER,31,15/05/2024,12,15,2598,537
3904,9,SOCIALMEDIA,134,11/10/2025,5,13,2434,495
3905,45,SOCIALMEDIA,359,22/05/2025,20,10,5650,1061
3906,21,NEWSLETTER,395,03/10/2025,11,15,7096,1338
3907,24,SOCIALMEDIA,153,08/12/2025,11,17,2581,469
3908,28,BLOG,218,09/11/2024,18,18,3722,778
3909,28,BLOG,148,02/10/2023,18,2,5278,995
3910,24,SOCIALMEDIA,431,11/01/2025,17,11,7501,1559
3911,31,SOCIALMEDIA,19,13/11/2023,14,10,3310,619
3912,25,NEWSLETTER,11,11/09/2024,18,18,6164,1289
3913,12,BLOG,97,23/09/2025,17,12,4719,951
3914,14,NEWSLETTER,134,21/12/2025,17,15,3059,557
3915,18,VIDEO,1,05/11/2023,14,1,516,99
3916,18,SOCIALMEDIA,84,25/02/2023,5,12,7706,1423
3917,27,VIDEO,248,01/11/2024,7,15,5207,985
3918,18,SOCIALMEDIA,141,04/05/2023,5,3,4710,951
3919,27,VIDEO,32,09/12/2024,12,8,6514,1231
3920,34,NEWSLETTER,14,17/09/2023,14,5,1758,359
3921,18,BLOG,316,16/07/2023,10,3,6448,1179
3922,32,SOCIALMEDIA,135,04/09/2025,18,13,6926,1302
3923,48,SOCIALMEDIA,14,08/09/2024,16,2,988,207
3924,19,BLOG,154,15/08/2024,16,11,2715,539
3925,17,VIDEO,11,19/02/2025,1,14,490,91
3926,1,NEWSLETTER,14,09/08/2023,14,11,1625,322
3927,42,SOCIALMEDIA,88,06/04/2025,7,8,8608,1593
3928,2,VIDEO,604,28/12/2024,18,9,8994,1829
3929,41,VIDEO,44,16/12/2025,18,5,1599,303
3930,24,SOCIALMEDIA,219,22/10/2023,14,2,7675,1514
3931,13,NEWSLETTER,219,21/07/2023,16,19,7605,1443
3932,12,VIDEO,174,21/11/2023,4,13,5087,1043
3933,40,SOCIALMEDIA,159,28/04/2024,1,20,4417,796
3934,29,VIDEO,344,02/08/2025,16,1,6062,1230
3935,48,SOCIALMEDIA,128,16/12/2023,6,12,2365,481
3936,7,SOCIALMEDIA,51,17/01/2025,6,20,1622,322
3937,4,SOCIALMEDIA,307,11/08/2024,3,13,4674,916
3938,11,NEWSLETTER,172,05/07/2025,13,11,5693,1071
3939,48,NEWSLETTER,21,25/10/2023,13,5,5806,1182
3940,42,NEWSLETTER,308,21/01/2024,13,3,5494,1117
3941,15,NEWSLETTER,217,23/10/2024,7,20,6145,1207
3942,6,VIDEO,3,19/05/2023,17,15,142,28
3943,22,NEWSLETTER,423,09/11/2024,13,18,7951,1580
3944,45,NEWSLETTER,17,21/03/2023,9,7,330,64
3945,10,NEWSLETTER,121,28/08/2025,1,17,4295,897
3946,19,VIDEO,163,12/04/2023,7,2,7753,1575
3947,17,VIDEO,34,10/08/2023,7,5,6164,1135
3948,36,NEWSLETTER,9,02/11/2025,17,17,453,86
3949,25,BLOG,40,20/01/2023,6,3,5922,1124
3950,24,SOCIALMEDIA,15,09/09/2024,20,6,1063,210
3951,1,VIDEO,54,19/01/2023,12,13,2660,510
3952,24,NEWSLETTER,16,20/03/2023,17,13,537,98
3953,15,BLOG,116,30/10/2025,5,9,3999,770
3954,43,BLOG,20,23/08/2024,5,9,384,77
3955,9,BLOG,124,14/08/2025,10,19,2373,437
3956,43,BLOG,29,29/02/2024,10,18,1424,294
3957,26,NEWSLETTER,28,24/07/2025,18,3,3024,618
3958,20,SOCIALMEDIA,374,09/11/2023,3,7,8687,1802
3959,34,BLOG,152,15/07/2023,14,12,4740,889
3960,26,NEWSLETTER,48,09/04/2023,18,15,3450,630
3961,6,SOCIALMEDIA,4,28/02/2025,20,14,923,175
3962,19,BLOG,55,15/07/2025,3,2,1777,343
3963,30,BLOG,65,02/09/2025,14,5,6480,1318
3964,24,BLOG,6,02/08/2025,6,11,286,51
3965,10,BLOG,335,11/02/2024,1,2,8865,1608
3966,24,NEWSLETTER,195,08/05/2024,16,16,8586,1766
3967,29,NEWSLETTER,10,15/11/2024,1,15,6169,1126
3968,48,SOCIALMEDIA,69,27/11/2025,6,3,4826,905
3969,17,VIDEO,485,29/06/2024,8,11,8134,1673
3970,41,NEWSLETTER,20,30/07/2024,5,5,532,110
3971,27,NEWSLETTER,371,08/03/2025,13,9,8362,1518
3972,46,BLOG,54,27/05/2024,7,2,3766,740
3973,8,VIDEO,26,07/04/2024,17,8,575,111
3974,13,NEWSLETTER,177,03/02/2025,6,13,7846,1603
3975,40,NEWSLETTER,324,01/08/2023,19,7,6373,1279
3976,40,NEWSLETTER,533,12/11/2024,11,17,8274,1625
3977,45,SOCIALMEDIA,432,08/03/2025,15,16,8676,1783
3978,8,SOCIALMEDIA,195,06/04/2024,11,11,3815,800
3979,7,BLOG,83,11/08/2024,3,13,6268,1197
3980,48,SOCIALMEDIA,2,20/04/2024,8,4,8812,1816
3981,37,BLOG,88,24/01/2024,5,8,8531,1636
3982,21,BLOG,79,22/11/2025,13,17,7003,1424
3983,36,NEWSLETTER,197,20/08/2023,17,7,6126,1219
3984,43,NEWSLETTER,88,05/06/2024,4,20,5580,1115
3985,23,VIDEO,373,22/05/2023,9,9,8299,1676
3986,5,VIDEO,55,27/06/2025,4,17,4980,912
3987,18,SOCIALMEDIA,479,05/05/2024,18,15,6874,1428
3988,25,BLOG,51,30/08/2023,12,17,6813,1254
3989,17,SOCIALMEDIA,250,15/01/2025,9,17,4551,905
3990,17,SOCIALMEDIA,304,23/01/2023,18,19,5744,1132
3991,19,SOCIALMEDIA,499,25/03/2025,6,6,8704,1649
3992,3,BLOG,10,28/10/2024,12,13,3745,687
3993,27,SOCIALMEDIA,1,23/11/2025,1,20,113,22
3994,40,NEWSLETTER,344,07/06/2024,18,12,5770,1098
3995,12,VIDEO,48,16/07/2025,6,13,5313,1026
3996,42,VIDEO,163,14/09/2024,5,5,4317,847
3997,10,BLOG,3,10/10/2023,3,8,1963,401
3998,10,BLOG,20,24/12/2023,3,18,2347,423
3999,18,VIDEO,20,06/05/2025,14,3,545,106
4000,16,BLOG,439,10/12/2023,1,3,6426,1275
4001,18,VIDEO,140,21/05/2023,13,9,2798,504
4002,36,BLOG,9,23/04/2025,5,9,1110,208
4003,36,BLOG,291,06/08/2023,16,12,7087,1453
4004,43,NEWSLETTER,57,15/11/2024,1,2,2367,455
4005,8,BLOG,448,17/07/2024,16,18,7885,1432
4006,1,VIDEO,23,24/11/2025,8,18,2180,406
4007,23,BLOG,214,21/07/2023,6,11,4170,827
4008,5,VIDEO,319,08/07/2025,5,7,6703,1356
4009,4,BLOG,42,03/01/2024,18,2,1186,232
4010,8,NEWSLETTER,266,21/08/2025,3,18,6569,1340
4011,31,BLOG,51,13/04/2025,7,7,2635,542
4012,15,BLOG,181,24/04/2024,13,1,4913,884
4013,46,NEWSLETTER,24,20/09/2025,2,10,1038,215
4014,18,SOCIALMEDIA,29,17/09/2025,9,10,3658,723
4015,42,NEWSLETTER,67,19/09/2023,7,1,5293,1072
4016,12,NEWSLETTER,44,02/08/2025,10,9,2105,409
4017,40,BLOG,162,25/04/2023,15,4,2626,498
4018,50,SOCIALMEDIA,64,07/10/2023,16,2,1412,272
4019,26,VIDEO,1,10/10/2025,12,3,1508,287
4020,37,SOCIALMEDIA,18,13/07/2023,3,12,715,128
4021,7,BLOG,185,16/07/2025,20,20,4617,867
4022,50,SOCIALMEDIA,6,10/06/2024,17,13,8052,1688
4023,35,SOCIALMEDIA,236,07/05/2023,2,11,7057,1403
4024,36,NEWSLETTER,60,23/06/2025,13,6,1580,330
4025,4,VIDEO,380,22/03/2024,19,9,8646,1807
4026,35,NEWSLETTER,65,07/10/2025,3,13,929,194
4027,30,NEWSLETTER,458,30/07/2024,20,5,7647,1481
4028,2,VIDEO,138,30/08/2023,1,13,3491,672
4029,20,BLOG,2,30/05/2025,12,11,336,63
4030,2,BLOG,71,02/01/2025,10,1,4642,927
4031,33,NEWSLETTER,67,11/07/2025,10,15,5835,1088
4032,12,NEWSLETTER,0,02/12/2025,2,18,6338,1260
4033,44,SOCIALMEDIA,72,20/09/2023,18,12,3133,625
4034,44,BLOG,467,30/05/2025,11,12,6906,1381
4035,26,VIDEO,17,17/09/2023,17,15,590,112
4036,38,SOCIALMEDIA,71,04/12/2024,5,2,6406,1244
4037,18,NEWSLETTER,24,31/12/2023,16,13,1129,226
4038,6,SOCIALMEDIA,340,11/10/2025,14,13,6802,1263
4039,3,SOCIALMEDIA,292,25/02/2025,6,2,6476,1207
4040,25,BLOG,106,30/06/2023,12,15,3550,681
4041,18,BLOG,102,29/11/2025,12,15,2350,427
4042,17,VIDEO,132,28/07/2023,6,9,2133,414
4043,3,SOCIALMEDIA,78,27/05/2023,17,11,4418,896
4044,23,VIDEO,417,27/04/2023,7,3,7757,1452
4045,11,BLOG,32,09/06/2024,7,7,775,151
4046,5,VIDEO,368,03/10/2025,16,20,6674,1277
4047,45,SOCIALMEDIA,23,02/09/2024,6,19,3616,681
4048,3,VIDEO,415,11/11/2025,14,4,8041,1645
4049,47,SOCIALMEDIA,91,22/09/2025,12,6,2281,423
4050,37,SOCIALMEDIA,100,26/04/2025,11,9,2195,419
4051,44,SOCIALMEDIA,171,17/04/2023,2,1,8855,1826
4052,9,SOCIALMEDIA,66,17/08/2024,10,8,6770,1319
4053,44,BLOG,30,12/03/2025,9,8,762,153
4054,32,BLOG,22,10/08/2025,10,2,1103,221
4055,10,BLOG,44,06/09/2024,6,16,1368,282
4056,7,VIDEO,33,21/10/2025,19,1,3776,732
4057,15,SOCIALMEDIA,189,19/03/2023,12,9,3152,610
4058,6,NEWSLETTER,503,15/10/2025,2,10,8055,1560
4059,39,NEWSLETTER,113,27/09/2025,14,9,5579,1160
4060,33,SOCIALMEDIA,348,18/11/2024,7,8,6012,1119
4061,4,BLOG,206,05/08/2025,7,9,4932,978
4062,22,NEWSLETTER,370,26/01/2024,10,2,5416,1070
4063,2,BLOG,18,04/04/2025,5,4,2280,477
4064,39,BLOG,73,23/12/2023,3,8,3144,573
4065,20,SOCIALMEDIA,175,05/03/2025,5,11,6007,1238
4066,22,BLOG,8,11/10/2025,3,14,1577,308
4067,44,VIDEO,431,17/06/2023,6,3,7018,1463
4068,37,VIDEO,402,31/03/2023,6,13,7032,1408
4069,13,SOCIALMEDIA,34,23/04/2023,17,3,6836,1255
4070,12,SOCIALMEDIA,175,15/01/2025,15,13,7504,1431
4071,41,NEWSLETTER,575,21/10/2025,5,9,8983,1710
4072,8,BLOG,241,24/06/2025,5,1,8934,1830
4073,37,SOCIALMEDIA,27,29/08/2025,13,13,4948,958
4074,20,VIDEO,28,22/05/2024,19,4,3373,627
4075,4,NEWSLETTER,338,25/12/2024,18,2,5348,981
4076,39,NEWSLETTER,482,03/02/2024,3,11,7789,1459
4077,12,NEWSLETTER,65,26/05/2024,17,13,2145,420
4078,23,VIDEO,237,22/02/2025,5,14,5612,1159
4079,16,SOCIALMEDIA,17,22/12/2025,11,2,4974,997
4080,49,NEWSLETTER,208,19/10/2025,7,4,4878,879
4081,37,VIDEO,50,17/01/2023,10,18,8006,1534
4082,20,VIDEO,43,22/11/2025,16,18,7244,1359
4083,41,NEWSLETTER,368,07/05/2025,9,12,6380,1157
4084,34,NEWSLETTER,12,20/04/2024,19,15,1024,194
4085,49,VIDEO,95,12/10/2025,15,16,3834,779
4086,18,BLOG,37,20/06/2023,17,5,6398,1171
4087,47,SOCIALMEDIA,206,22/08/2023,18,20,8422,1710
4088,21,BLOG,17,30/06/2023,8,9,484,88
4089,26,NEWSLETTER,10,20/08/2025,4,10,1271,257
4090,4,SOCIALMEDIA,135,24/01/2024,16,16,3122,624
4091,2,SOCIALMEDIA,50,26/04/2024,8,20,1846,350
4092,25,VIDEO,14,21/04/2023,16,9,6442,1254
4093,21,NEWSLETTER,47,29/12/2023,1,14,2039,411
4094,13,VIDEO,19,13/01/2025,17,8,1427,278
4095,20,NEWSLETTER,58,06/10/2024,3,13,1034,190
4096,34,BLOG,12,29/12/2025,13,3,6576,1378
4097,44,NEWSLETTER,222,08/08/2024,18,8,4535,913
4098,7,NEWSLETTER,6,23/12/2023,15,6,325,62
4099,49,BLOG,284,03/03/2024,14,14,7300,1319
4100,10,BLOG,137,19/07/2024,13,11,2347,457
4101,47,VIDEO,81,03/04/2024,9,8,3870,709
4102,8,SOCIALMEDIA,11,13/11/2023,13,9,3177,600
4103,42,SOCIALMEDIA,48,02/02/2025,19,5,3851,746
4104,40,BLOG,19,10/02/2023,4,8,4808,956
4105,46,BLOG,423,14/12/2024,3,12,7897,1471
4106,33,BLOG,80,18/07/2023,13,9,6741,1373
4107,24,SOCIALMEDIA,22,02/06/2025,13,3,3971,823
4108,50,NEWSLETTER,55,05/01/2025,3,11,6664,1387
4109,48,BLOG,341,28/06/2025,13,15,6752,1391
4110,23,SOCIALMEDIA,152,13/12/2023,7,7,3812,726
4111,36,VIDEO,42,15/07/2025,19,15,808,148
4112,40,NEWSLETTER,252,19/03/2024,3,19,4638,863
4113,44,VIDEO,20,12/02/2023,5,17,2633,530
4114,16,NEWSLETTER,531,17/10/2025,1,3,8259,1539
4115,46,SOCIALMEDIA,4,08/08/2023,19,11,1362,251
4116,34,SOCIALMEDIA,14,30/01/2024,2,10,6296,1292
4117,46,SOCIALMEDIA,169,29/03/2023,11,11,6542,1196
4118,48,BLOG,624,12/09/2024,19,5,8706,1791
4119,28,BLOG,118,20/12/2023,3,4,4447,803
4120,44,NEWSLETTER,351,15/07/2023,8,20,5643,1164
4121,31,VIDEO,21,19/06/2025,16,11,753,149
4122,9,NEWSLETTER,69,09/08/2023,2,17,6672,1369
4123,25,VIDEO,82,06/03/2023,10,3,8421,1726
4124,47,NEWSLETTER,361,03/08/2023,11,3,6476,1271
4125,36,NEWSLETTER,65,19/07/2025,6,15,1605,321
4126,13,VIDEO,32,16/07/2024,20,8,7320,1401
4127,21,NEWSLETTER,6,15/10/2025,7,3,509,99
4128,43,BLOG,259,30/01/2023,11,19,8953,1680
4129,41,BLOG,51,22/04/2025,3,3,1903,346
4130,6,SOCIALMEDIA,402,13/07/2023,15,8,6841,1392
4131,48,SOCIALMEDIA,435,26/11/2024,4,7,6879,1278
4132,37,SOCIALMEDIA,75,06/11/2024,19,20,5815,1159
4133,8,VIDEO,34,27/07/2023,10,19,6537,1313
4134,6,BLOG,113,12/01/2023,15,14,5279,1030
4135,10,NEWSLETTER,393,20/02/2024,2,6,6279,1238
4136,30,VIDEO,47,07/01/2024,15,7,2062,418
4137,39,NEWSLETTER,105,07/01/2023,7,14,8206,1620
4138,46,NEWSLETTER,397,30/11/2024,5,13,6635,1260
4139,35,SOCIALMEDIA,299,28/12/2023,8,13,4930,1008
4140,42,SOCIALMEDIA,113,16/07/2023,20,18,4299,824
4141,12,VIDEO,402,31/10/2023,13,3,8751,1584
4142,4,SOCIALMEDIA,92,20/12/2025,11,16,6508,1309
4143,12,BLOG,355,23/03/2024,13,5,8795,1642
4144,34,SOCIALMEDIA,134,27/04/2023,11,15,5372,1054
4145,3,NEWSLETTER,41,17/08/2023,7,10,791,157
4146,50,BLOG,183,10/03/2023,8,14,6143,1189
4147,21,VIDEO,517,29/09/2025,2,16,7948,1548
4148,43,NEWSLETTER,295,03/03/2023,19,16,6642,1253
4149,25,NEWSLETTER,46,29/12/2023,8,6,1416,271
4150,25,SOCIALMEDIA,377,01/02/2025,11,14,8975,1630
4151,45,SOCIALMEDIA,120,12/05/2023,14,3,5271,1104
4152,40,NEWSLETTER,339,26/04/2023,17,7,6061,1161
4153,27,SOCIALMEDIA,407,23/11/2024,1,17,7373,1395
4154,11,VIDEO,48,04/10/2025,3,5,801,144
4155,45,NEWSLETTER,425,22/08/2023,20,7,8161,1482
4156,28,SOCIALMEDIA,212,26/01/2024,1,3,8979,1858
4157,8,NEWSLETTER,329,14/06/2023,17,17,7085,1339
4158,1,NEWSLETTER,398,12/02/2024,3,5,6897,1440
4159,43,BLOG,392,26/07/2023,20,12,7082,1451
4160,35,SOCIALMEDIA,419,15/10/2023,12,20,7863,1571
4161,27,SOCIALMEDIA,128,06/08/2025,6,2,5774,1125
4162,21,NEWSLETTER,168,28/05/2024,7,9,2857,552
4163,15,BLOG,59,08/09/2023,15,19,1730,334
4164,14,BLOG,308,19/01/2023,8,12,4668,941
4165,23,VIDEO,40,28/12/2024,15,15,5456,1095
4166,47,SOCIALMEDIA,280,10/05/2024,12,13,6880,1343
4167,28,BLOG,13,25/06/2025,9,19,3134,631
4168,35,NEWSLETTER,16,01/08/2023,11,19,6968,1282
4169,5,NEWSLETTER,7,09/12/2024,17,17,443,84
4170,33,VIDEO,177,06/07/2023,13,2,6544,1337
4171,35,NEWSLETTER,2,04/07/2024,4,3,1397,277
4172,39,NEWSLETTER,21,15/08/2025,16,4,538,111
4173,12,SOCIALMEDIA,103,27/10/2024,5,19,4190,822
4174,32,SOCIALMEDIA,97,16/03/2023,4,14,5869,1219
4175,18,VIDEO,346,19/06/2025,9,4,7642,1491
4176,11,NEWSLETTER,130,28/06/2025,5,8,5678,1183
4177,17,NEWSLETTER,291,18/02/2025,4,10,5914,1117
4178,44,SOCIALMEDIA,11,22/10/2023,20,5,176,36
4179,20,VIDEO,43,30/10/2023,10,10,5446,1066
4180,1,BLOG,25,04/06/2024,14,8,2334,445
4181,19,VIDEO,24,16/02/2023,17,8,4811,978
4182,34,SOCIALMEDIA,161,05/02/2025,2,14,2774,560
4183,19,SOCIALMEDIA,285,14/12/2025,4,1,8827,1761
4184,38,NEWSLETTER,230,10/06/2024,11,7,8631,1755
4185,34,VIDEO,245,29/04/2023,7,11,8811,1744
4186,36,NEWSLETTER,442,30/08/2023,6,6,8057,1635
4187,43,SOCIALMEDIA,34,19/02/2025,14,13,1630,311
4188,26,SOCIALMEDIA,60,12/07/2025,17,12,1227,221
4189,35,BLOG,61,01/12/2024,11,9,5992,1244
4190,49,SOCIALMEDIA,82,22/11/2024,13,18,1639,318
4191,44,SOCIALMEDIA,94,27/08/2024,12,16,3417,692
4192,24,VIDEO,132,01/06/2024,12,8,2608,500
4193,6,VIDEO,408,26/02/2023,5,9,7884,1440
4194,44,VIDEO,15,25/11/2025,7,1,679,130
4195,27,NEWSLETTER,103,23/07/2024,6,14,1944,390
4196,9,NEWSLETTER,320,03/01/2024,13,11,8057,1486
4197,3,SOCIALMEDIA,392,11/02/2023,10,11,6496,1293
4198,3,VIDEO,223,26/05/2025,10,20,7658,1436
4199,1,VIDEO,159,26/05/2024,16,12,3031,616
4200,22,BLOG,432,24/11/2023,19,5,7477,1450
4201,43,VIDEO,7,29/09/2025,9,10,648,127
4202,15,NEWSLETTER,24,07/10/2023,11,6,1494,300
4203,2,SOCIALMEDIA,157,28/01/2024,7,2,3307,618
4204,14,VIDEO,7,27/02/2023,7,6,796,159
4205,48,BLOG,257,27/05/2023,10,17,4810,1003
4206,22,NEWSLETTER,81,14/12/2025,1,8,6624,1321
4207,4,BLOG,216,07/01/2024,16,9,6997,1449
4208,38,NEWSLETTER,72,10/05/2023,8,7,3216,584
4209,7,VIDEO,343,30/06/2024,19,3,5496,1010
4210,20,BLOG,395,09/10/2023,14,16,6396,1286
4211,46,BLOG,331,15/01/2023,8,14,6716,1250
4212,23,NEWSLETTER,363,26/08/2025,1,8,8474,1665
4213,3,BLOG,114,28/08/2024,15,3,5677,1182
4214,36,VIDEO,270,24/04/2023,10,8,8257,1729
4215,21,NEWSLETTER,111,11/03/2025,11,1,6990,1455
4216,41,BLOG,185,18/04/2025,15,18,3693,723
4217,22,BLOG,91,06/06/2025,2,2,6012,1162
4218,46,VIDEO,260,22/07/2023,6,15,8783,1815
4219,1,SOCIALMEDIA,66,01/07/2023,2,8,4228,853
4220,21,VIDEO,35,08/05/2023,19,7,746,148
4221,41,SOCIALMEDIA,108,29/07/2024,20,3,4337,895
4222,19,VIDEO,166,04/11/2023,10,16,7089,1469
4223,22,SOCIALMEDIA,101,07/03/2023,16,4,3027,566
4224,43,SOCIALMEDIA,242,28/02/2023,11,11,5936,1234
4225,17,VIDEO,400,25/08/2023,1,3,5880,1199
4226,2,VIDEO,60,14/08/2023,9,15,5703,1052
4227,16,NEWSLETTER,435,24/06/2024,3,15,7554,1417
4228,46,BLOG,33,17/07/2023,12,7,6616,1306
4229,27,BLOG,497,21/10/2023,20,19,8340,1545
4230,42,BLOG,90,24/12/2024,14,2,4583,945
4231,26,NEWSLETTER,92,18/06/2025,15,8,4605,888
4232,26,VIDEO,11,31/08/2025,19,15,390,76
4233,29,SOCIALMEDIA,345,03/11/2025,6,11,7000,1288
4234,46,BLOG,335,26/04/2025,9,7,6159,1122
4235,14,VIDEO,101,26/04/2025,7,16,1835,380
4236,32,NEWSLETTER,40,09/08/2023,18,13,698,130
4237,13,VIDEO,1,15/04/2023,3,16,1134,211
4238,32,NEWSLETTER,66,12/04/2025,4,2,2498,468
4239,9,SOCIALMEDIA,17,12/07/2025,10,2,1434,300
4240,20,SOCIALMEDIA,176,22/03/2023,3,17,6519,1291
4241,48,NEWSLETTER,167,11/03/2024,2,10,6456,1296
4242,41,NEWSLETTER,3,15/06/2025,3,3,404,79
4243,41,BLOG,38,16/01/2024,9,14,6493,1196
4244,41,NEWSLETTER,177,03/05/2023,3,1,5938,1209
4245,4,VIDEO,235,21/11/2025,18,15,8933,1737
4246,35,NEWSLETTER,39,26/09/2024,19,20,3657,751
4247,25,NEWSLETTER,54,03/02/2024,5,8,1696,355
4248,36,VIDEO,35,10/06/2023,18,12,1466,290
4249,12,NEWSLETTER,64,09/10/2025,17,7,3107,624
4250,8,BLOG,364,25/06/2024,19,15,8683,1705
4251,1,BLOG,10,28/04/2025,12,16,2752,529
4252,17,NEWSLETTER,2,08/09/2023,11,14,5924,1067
4253,47,SOCIALMEDIA,162,20/05/2023,19,1,3627,664
4254,4,SOCIALMEDIA,8,02/11/2023,5,17,1947,380
4255,11,VIDEO,38,21/05/2025,4,5,1745,346
4256,7,NEWSLETTER,0,08/03/2023,7,10,1216,242
4257,26,BLOG,101,07/07/2025,13,17,2933,569
4258,5,SOCIALMEDIA,573,25/06/2023,9,1,8602,1796
4259,38,VIDEO,117,04/02/2025,13,13,1682,340
4260,47,BLOG,182,22/06/2024,9,8,2827,553
4261,9,BLOG,17,27/10/2024,7,12,5119,1020
4262,19,SOCIALMEDIA,80,11/07/2025,9,2,1730,352
4263,21,SOCIALMEDIA,5,03/05/2025,10,12,2918,568
4264,12,SOCIALMEDIA,50,03/06/2025,1,2,964,196
4265,36,VIDEO,33,31/07/2024,7,16,700,143
4266,37,BLOG,341,10/03/2025,20,6,8038,1487
4267,5,BLOG,310,29/09/2024,2,6,6844,1257
4268,1,BLOG,116,11/08/2024,2,20,4966,917
4269,39,VIDEO,463,13/07/2025,16,5,8863,1687
4270,49,BLOG,145,08/10/2024,17,4,8804,1839
4271,26,BLOG,23,24/04/2023,4,10,3229,669
4272,17,NEWSLETTER,66,23/12/2024,4,14,6371,1309
4273,34,BLOG,155,19/06/2024,11,6,4981,901
4274,17,BLOG,42,24/04/2025,8,10,6417,1269
4275,10,BLOG,3,08/07/2025,3,16,4963,936
4276,9,SOCIALMEDIA,213,19/02/2025,14,1,4459,830
4277,15,BLOG,149,17/05/2023,18,11,5648,1138
4278,3,BLOG,101,16/12/2024,17,5,3242,677
4279,26,BLOG,216,28/12/2024,15,8,7865,1448
4280,48,VIDEO,58,17/05/2023,17,13,4006,778
4281,40,NEWSLETTER,311,16/09/2025,14,10,8625,1621
4282,24,BLOG,18,16/12/2023,4,11,830,160
4283,2,SOCIALMEDIA,180,05/09/2024,12,8,6001,1246
4284,46,NEWSLETTER,153,24/03/2023,9,1,8355,1613
4285,9,VIDEO,480,04/07/2024,11,13,7519,1529
4286,35,SOCIALMEDIA,208,18/04/2025,9,6,3565,658
4287,6,SOCIALMEDIA,79,01/04/2023,6,13,3143,630
4288,17,SOCIALMEDIA,239,18/12/2024,10,11,6646,1337
4289,36,NEWSLETTER,241,21/10/2025,10,8,4617,888
4290,25,SOCIALMEDIA,0,18/11/2023,10,8,1457,277
4291,23,VIDEO,80,09/07/2023,8,16,1173,241
4292,17,NEWSLETTER,416,15/11/2024,4,4,6444,1272
4293,34,BLOG,102,23/07/2023,16,8,8560,1649
4294,1,VIDEO,45,13/01/2024,12,11,6206,1275
4295,33,NEWSLETTER,31,26/06/2024,7,19,6547,1287
4296,31,SOCIALMEDIA,143,31/05/2024,8,9,2457,515
4297,43,NEWSLETTER,59,08/06/2023,19,3,2112,387
4298,43,BLOG,151,15/06/2023,6,11,3343,638
4299,5,VIDEO,24,29/08/2024,8,18,3490,715
4300,9,SOCIALMEDIA,68,17/04/2024,20,10,2240,450
4301,46,BLOG,550,23/01/2024,2,10,8672,1714
4302,33,NEWSLETTER,132,10/07/2023,16,15,5225,1034
4303,15,NEWSLETTER,406,01/05/2024,9,16,8360,1686
4304,24,SOCIALMEDIA,159,20/06/2025,13,12,3731,705
4305,47,BLOG,9,02/05/2024,5,10,2435,439
4306,22,BLOG,68,27/03/2023,15,1,1591,286
4307,49,BLOG,137,08/07/2025,17,12,3361,674
4308,8,SOCIALMEDIA,55,10/05/2025,12,6,1382,271
4309,8,SOCIALMEDIA,58,15/12/2023,12,17,2025,395
4310,50,BLOG,276,27/10/2024,20,7,3849,792
4311,15,VIDEO,322,15/05/2025,10,20,4915,1006
4312,38,BLOG,243,16/07/2025,6,17,7008,1334
4313,47,VIDEO,227,28/03/2023,8,11,5539,998
4314,13,BLOG,94,11/08/2024,11,10,8220,1667
4315,38,SOCIALMEDIA,55,04/11/2025,3,19,6499,1223
4316,29,VIDEO,60,31/10/2024,19,9,3417,698
4317,42,SOCIALMEDIA,4,29/12/2024,17,6,602,118
4318,8,NEWSLETTER,136,23/01/2025,3,15,3139,615
4319,32,VIDEO,35,29/09/2024,8,11,1381,259
4320,27,BLOG,346,21/05/2025,19,15,5857,1070
4321,5,NEWSLETTER,210,25/06/2023,6,20,5970,1074
4322,43,NEWSLETTER,11,05/07/2025,20,14,1228,255
4323,4,SOCIALMEDIA,0,18/02/2023,18,13,3787,717
4324,13,BLOG,437,30/01/2023,2,15,8617,1620
4325,20,SOCIALMEDIA,74,15/09/2025,8,12,1500,308
4326,22,VIDEO,33,14/04/2025,12,1,3037,575
4327,32,SOCIALMEDIA,52,10/06/2025,3,2,981,196
4328,22,VIDEO,38,22/05/2024,11,1,2047,425
4329,25,BLOG,79,21/01/2023,7,8,5341,998
4330,47,SOCIALMEDIA,5,30/12/2025,9,4,289,54
4331,44,VIDEO,193,12/02/2023,7,12,4554,825
4332,26,VIDEO,27,21/04/2024,4,17,451,88
4333,20,SOCIALMEDIA,389,30/12/2025,9,3,8499,1667
4334,14,NEWSLETTER,239,19/04/2023,19,20,3685,754
4335,37,NEWSLETTER,159,06/10/2023,2,15,3033,628
4336,29,BLOG,47,02/10/2024,7,15,2150,444
4337,5,VIDEO,126,13/08/2023,14,19,4901,926
4338,14,SOCIALMEDIA,7,11/03/2023,4,15,467,89
4339,31,BLOG,148,07/12/2024,2,7,2446,463
4340,43,SOCIALMEDIA,14,30/06/2025,11,16,1122,206
4341,48,SOCIALMEDIA,414,10/12/2023,9,14,8846,1671
4342,30,BLOG,83,08/11/2025,20,12,5333,993
4343,36,SOCIALMEDIA,56,29/07/2024,17,17,1001,201
4344,49,SOCIALMEDIA,16,22/11/2023,19,9,3520,661
4345,1,VIDEO,49,01/03/2024,7,12,1280,261
4346,7,SOCIALMEDIA,174,27/04/2024,5,13,5827,1099
4347,44,BLOG,9,04/10/2025,2,14,481,100
4348,45,VIDEO,229,14/06/2025,19,5,7836,1535
4349,19,VIDEO,445,11/08/2024,16,19,8833,1821
4350,22,NEWSLETTER,132,28/10/2023,11,14,3086,561
4351,29,BLOG,38,04/08/2024,19,9,7470,1355
4352,3,SOCIALMEDIA,100,22/06/2023,1,7,3818,798
4353,24,SOCIALMEDIA,29,18/08/2024,13,5,1441,275
4354,2,BLOG,192,05/04/2024,13,4,3210,596
4355,37,SOCIALMEDIA,125,08/01/2024,13,17,3354,667
4356,22,NEWSLETTER,246,13/02/2024,14,5,7678,1532
4357,43,SOCIALMEDIA,38,24/01/2023,7,11,621,117
4358,50,VIDEO,134,17/06/2025,5,12,8514,1550
4359,14,NEWSLETTER,15,12/07/2025,13,7,1267,230
4360,20,BLOG,219,02/04/2025,5,5,5732,1117
4361,31,BLOG,125,05/08/2023,8,1,3768,772
4362,6,SOCIALMEDIA,172,13/11/2024,16,1,3305,595
4363,14,SOCIALMEDIA,4,20/08/2024,12,7,65,13
4364,15,NEWSLETTER,66,28/07/2023,3,19,2778,540
4365,14,SOCIALMEDIA,261,08/05/2025,14,14,4721,921
4366,31,BLOG,21,15/10/2024,17,6,690,141
4367,5,SOCIALMEDIA,64,22/09/2023,8,15,3072,624
4368,42,NEWSLETTER,579,24/05/2023,6,9,8981,1746
4369,12,BLOG,101,26/10/2024,14,5,8579,1683
4370,24,BLOG,38,09/06/2024,20,20,1113,232
4371,19,SOCIALMEDIA,12,24/09/2024,13,9,4892,914
4372,35,SOCIALMEDIA,69,31/12/2023,14,11,4582,880
4373,8,SOCIALMEDIA,238,07/02/2024,11,17,3612,704
4374,40,NEWSLETTER,54,25/08/2025,7,10,8904,1619
4375,27,SOCIALMEDIA,62,15/03/2025,13,11,1170,214
4376,33,VIDEO,133,13/12/2024,14,6,7408,1423
4377,30,BLOG,21,14/03/2025,13,5,2980,599
4378,6,BLOG,26,05/05/2023,17,11,8075,1666
4379,7,NEWSLETTER,48,25/10/2023,5,10,1832,333
4380,19,VIDEO,46,09/01/2023,11,11,1346,258
4381,12,SOCIALMEDIA,297,28/08/2024,16,19,4885,985
4382,27,SOCIALMEDIA,41,24/07/2023,9,4,775,152
4383,40,VIDEO,74,28/06/2025,12,9,1823,329
4384,9,BLOG,341,27/05/2023,11,18,8538,1540
4385,35,SOCIALMEDIA,3,02/05/2024,7,14,114,23
4386,17,BLOG,137,13/08/2023,10,15,5653,1049
4387,41,SOCIALMEDIA,12,22/02/2024,11,12,318,58
4388,8,SOCIALMEDIA,129,26/08/2023,17,13,3177,596
4389,45,BLOG,21,21/03/2025,3,1,724,132
4390,40,SOCIALMEDIA,196,30/11/2025,19,20,5481,1099
4391,40,NEWSLETTER,8,30/10/2025,5,14,762,156
4392,10,NEWSLETTER,270,12/07/2025,18,13,5007,922
4393,8,BLOG,58,18/01/2024,11,17,3240,601
4394,18,NEWSLETTER,58,06/02/2023,6,16,1487,303
4395,41,VIDEO,209,09/02/2023,20,18,3742,760
4396,4,NEWSLETTER,151,16/09/2024,8,3,8934,1819
4397,35,SOCIALMEDIA,114,31/08/2023,14,1,3170,571
4398,32,NEWSLETTER,378,05/05/2025,13,5,6641,1264
4399,9,SOCIALMEDIA,180,02/09/2025,11,20,6746,1404
4400,39,VIDEO,202,06/01/2023,9,13,8386,1565
4401,42,NEWSLETTER,210,20/03/2023,9,1,4353,847
4402,31,NEWSLETTER,162,18/12/2023,7,8,2407,466
4403,30,NEWSLETTER,169,27/03/2025,13,17,4823,966
4404,11,BLOG,207,07/01/2025,14,19,3353,609
4405,2,NEWSLETTER,149,30/03/2023,10,7,6118,1161
4406,21,NEWSLETTER,297,01/03/2023,5,6,7452,1358
4407,36,BLOG,156,09/05/2025,10,2,3930,727
4408,30,NEWSLETTER,1,25/04/2023,12,2,123,24
4409,38,BLOG,115,08/04/2024,5,5,4332,834
4410,24,SOCIALMEDIA,254,27/10/2025,14,5,8453,1724
4411,3,VIDEO,46,24/05/2025,14,1,2162,406
4412,7,SOCIALMEDIA,45,14/11/2025,2,16,5376,1051
4413,27,VIDEO,49,05/01/2024,1,5,768,151
4414,37,BLOG,44,18/09/2025,8,17,7728,1487
4415,12,BLOG,471,18/04/2024,8,7,7058,1376
4416,27,NEWSLETTER,47,06/11/2025,19,13,4948,955
4417,12,VIDEO,167,16/09/2025,7,9,3579,661
4418,5,NEWSLETTER,183,12/05/2023,18,4,3906,792
4419,10,NEWSLETTER,90,04/06/2023,6,13,7387,1535
4420,29,NEWSLETTER,26,11/12/2023,8,1,1129,209
4421,47,VIDEO,7,13/01/2023,4,16,3078,584
4422,5,VIDEO,86,08/12/2024,18,20,1467,276
4423,5,BLOG,23,01/08/2025,6,15,1916,364
4424,33,VIDEO,62,16/06/2024,4,14,4019,768
4425,30,SOCIALMEDIA,510,18/08/2023,8,15,8034,1586
4426,10,BLOG,61,30/10/2025,16,5,1288,233
4427,8,SOCIALMEDIA,23,29/02/2024,15,16,952,178
4428,18,NEWSLETTER,345,17/08/2024,9,15,8380,1672
4429,41,VIDEO,265,22/07/2023,10,17,6671,1223
4430,49,BLOG,16,25/02/2024,20,18,1611,305
4431,2,BLOG,124,29/12/2025,7,16,4709,925
4432,41,SOCIALMEDIA,18,11/02/2023,16,16,2479,466
4433,43,NEWSLETTER,153,16/03/2023,10,20,2953,572
4434,19,SOCIALMEDIA,323,01/05/2023,5,11,6467,1223
4435,14,VIDEO,175,16/01/2025,20,8,5678,1047
4436,29,BLOG,220,02/11/2025,12,12,3812,760
4437,26,SOCIALMEDIA,369,19/09/2023,13,18,7339,1445
4438,49,SOCIALMEDIA,286,20/02/2025,1,4,8812,1802
4439,50,SOCIALMEDIA,352,10/09/2025,14,10,8811,1673
4440,18,SOCIALMEDIA,128,04/01/2023,19,20,2188,449
4441,34,BLOG,143,16/03/2023,2,19,6076,1220
4442,39,NEWSLETTER,3,06/11/2023,1,11,688,126
4443,26,NEWSLETTER,378,08/07/2023,17,2,5858,1172
4444,33,VIDEO,488,14/07/2025,19,7,7948,1559
4445,45,VIDEO,130,21/10/2024,6,20,2036,401
4446,12,SOCIALMEDIA,38,21/03/2025,13,17,597,121
4447,35,BLOG,199,13/12/2023,20,3,3918,765
4448,33,SOCIALMEDIA,355,24/10/2024,7,10,6110,1259
4449,38,SOCIALMEDIA,14,13/03/2024,14,7,333,61
4450,3,VIDEO,278,27/09/2024,20,18,6841,1348
4451,4,VIDEO,83,04/09/2025,1,13,4925,956
4452,5,NEWSLETTER,169,27/08/2025,1,16,5661,1161
4453,21,SOCIALMEDIA,104,24/01/2023,12,15,5065,972
4454,30,BLOG,166,20/07/2025,19,12,6478,1324
4455,7,BLOG,93,13/07/2023,2,14,8847,1663
4456,47,NEWSLETTER,250,08/03/2024,2,7,6937,1371
4457,23,SOCIALMEDIA,250,07/10/2024,4,20,5171,962
4458,41,BLOG,329,24/02/2024,12,6,5370,1090
4459,19,BLOG,26,10/11/2025,19,12,4811,958
4460,27,NEWSLETTER,64,12/05/2023,6,7,1783,367
4461,14,SOCIALMEDIA,196,12/05/2023,19,8,3327,647
4462,28,VIDEO,224,18/01/2023,19,3,3568,646
4463,23,BLOG,90,25/01/2023,6,18,2555,462
4464,50,SOCIALMEDIA,230,16/01/2025,9,8,5192,1006
4465,26,SOCIALMEDIA,79,17/01/2023,2,14,2522,458
4466,18,SOCIALMEDIA,42,13/05/2024,7,10,1611,301
4467,44,VIDEO,301,03/02/2025,6,7,5384,1056
4468,6,BLOG,399,26/10/2025,18,8,8028,1451
4469,31,VIDEO,78,09/11/2025,6,16,1486,271
4470,37,NEWSLETTER,260,19/01/2023,3,6,4967,1001
4471,48,SOCIALMEDIA,363,05/04/2023,2,8,6896,1372
4472,5,VIDEO,61,31/01/2025,18,5,1542,298
4473,13,VIDEO,177,23/05/2025,1,8,7174,1445
4474,33,VIDEO,216,19/01/2024,17,14,3701,703
4475,42,VIDEO,3,26/08/2025,18,5,439,79
4476,22,NEWSLETTER,61,31/08/2025,12,5,1276,254
4477,3,VIDEO,19,21/06/2024,15,15,1061,206
4478,6,SOCIALMEDIA,43,13/04/2025,8,11,2231,431
4479,32,NEWSLETTER,436,15/10/2025,7,1,7212,1442
4480,50,NEWSLETTER,24,04/06/2024,4,16,4264,836
4481,22,VIDEO,55,17/02/2025,20,3,5788,1211
4482,3,SOCIALMEDIA,44,24/12/2023,9,2,712,133
4483,27,BLOG,430,11/06/2025,10,6,7511,1505
4484,31,VIDEO,131,11/08/2024,6,6,3890,710
4485,28,NEWSLETTER,248,30/07/2024,16,15,7365,1398
4486,30,NEWSLETTER,272,11/03/2025,1,17,8036,1652
4487,13,VIDEO,27,14/08/2023,6,19,4750,892
4488,25,SOCIALMEDIA,309,18/09/2025,4,8,7631,1518
4489,28,VIDEO,328,09/01/2025,10,10,4887,994
4490,40,VIDEO,153,08/11/2023,3,4,2205,447
4491,2,NEWSLETTER,171,01/07/2023,7,20,3367,705
4492,4,BLOG,68,17/01/2025,5,9,1835,345
4493,22,VIDEO,18,16/01/2023,4,15,8741,1769
4494,15,VIDEO,303,01/12/2023,2,1,6249,1208
4495,46,BLOG,83,05/02/2023,6,19,5811,1217
4496,12,NEWSLETTER,309,12/04/2025,19,15,6033,1126
4497,28,VIDEO,56,12/01/2023,15,5,1453,288
4498,3,BLOG,83,26/05/2025,6,16,1788,370
4499,46,BLOG,105,17/08/2024,5,1,2142,447
4500,11,VIDEO,162,12/12/2025,12,8,5562,1007
4501,5,NEWSLETTER,136,09/10/2025,20,18,7012,1305
4502,18,BLOG,252,28/01/2025,15,16,3691,751
4503,15,BLOG,80,04/02/2024,9,19,4749,894
4504,50,BLOG,1,17/12/2025,19,8,4014,825
4505,12,BLOG,247,19/02/2025,7,6,8833,1678
4506,22,VIDEO,406,15/12/2024,2,12,6345,1206
4507,35,SOCIALMEDIA,41,05/09/2024,10,10,3386,637
4508,7,BLOG,208,30/01/2025,14,16,3721,679
4509,13,BLOG,87,12/07/2025,12,14,1887,379
4510,21,VIDEO,27,11/12/2024,16,17,565,110
4511,31,NEWSLETTER,10,31/10/2023,13,15,8459,1719
4512,1,NEWSLETTER,3,13/02/2023,10,12,1045,196
4513,32,SOCIALMEDIA,50,12/09/2023,3,19,3738,732
4514,15,VIDEO,158,29/03/2025,4,17,4066,802
4515,24,NEWSLETTER,225,24/02/2025,20,5,4801,961
4516,13,NEWSLETTER,51,06/10/2023,14,9,2602,541
4517,16,BLOG,417,23/03/2024,14,2,6618,1218
4518,34,SOCIALMEDIA,33,10/08/2023,9,6,993,192
4519,49,BLOG,332,09/02/2024,2,11,7871,1555
4520,8,BLOG,43,25/06/2023,4,2,1352,250
4521,37,VIDEO,544,24/08/2023,9,12,8466,1686
4522,27,NEWSLETTER,371,07/05/2024,16,14,8866,1618
4523,16,VIDEO,66,04/02/2025,7,15,1429,259
4524,24,SOCIALMEDIA,184,07/06/2024,15,13,3866,796
4525,17,BLOG,43,13/05/2025,2,1,2356,439
4526,7,SOCIALMEDIA,60,05/02/2024,2,9,1282,232
4527,30,BLOG,100,27/12/2025,3,19,8695,1805
4528,15,VIDEO,466,21/11/2024,9,20,7002,1460
4529,49,SOCIALMEDIA,23,14/08/2025,4,3,416,85
4530,11,BLOG,81,10/04/2025,9,5,8618,1551
4531,22,SOCIALMEDIA,172,21/01/2024,12,13,4584,891
4532,45,VIDEO,186,28/06/2024,13,19,6388,1309
4533,43,VIDEO,83,16/05/2025,2,12,2316,479
4534,3,NEWSLETTER,174,11/05/2025,20,18,8064,1525
4535,34,VIDEO,66,02/11/2025,3,17,1186,230
4536,16,VIDEO,124,25/08/2024,11,3,4539,835
4537,3,VIDEO,18,15/03/2024,10,18,1307,241
4538,38,BLOG,577,24/02/2025,3,2,8497,1772
4539,48,SOCIALMEDIA,86,06/06/2025,5,18,7937,1652
4540,11,VIDEO,90,01/11/2025,6,2,3249,667
4541,20,SOCIALMEDIA,11,21/04/2025,9,4,756,137
4542,47,NEWSLETTER,24,22/12/2024,1,11,538,104
4543,45,NEWSLETTER,290,23/07/2024,17,6,5869,1096
4544,48,VIDEO,20,28/07/2023,6,2,3638,671
4545,35,SOCIALMEDIA,44,09/05/2025,4,8,7993,1548
4546,18,SOCIALMEDIA,121,06/10/2023,7,11,4448,867
4547,23,NEWSLETTER,142,03/05/2024,15,6,4071,794
4548,28,NEWSLETTER,42,06/11/2025,9,10,4085,855
4549,39,NEWSLETTER,235,03/02/2023,13,16,7796,1591
4550,47,BLOG,15,22/09/2025,19,18,252,47
4551,22,VIDEO,2,01/10/2023,5,2,218,42
4552,7,SOCIALMEDIA,125,15/01/2023,3,4,3496,644
4553,41,NEWSLETTER,95,14/09/2024,3,20,2623,496
4554,3,SOCIALMEDIA,35,17/03/2023,7,6,1409,278
4555,19,BLOG,548,09/03/2024,4,10,7736,1604
4556,5,BLOG,35,19/09/2024,18,17,855,177
4557,6,BLOG,19,23/08/2024,17,11,5347,1037
4558,20,BLOG,142,11/11/2023,15,20,5733,1180
4559,45,SOCIALMEDIA,152,19/03/2025,16,20,6136,1138
4560,11,NEWSLETTER,63,12/12/2025,15,13,5163,1016
4561,13,NEWSLETTER,101,01/07/2025,9,9,3860,706
4562,31,BLOG,47,09/07/2024,13,19,2025,404
4563,6,SOCIALMEDIA,268,01/09/2023,8,10,5016,940
4564,1,SOCIALMEDIA,56,10/11/2025,15,3,1282,266
4565,34,VIDEO,63,17/08/2023,4,18,3030,567
4566,3,BLOG,1,27/09/2025,7,6,462,88
4567,42,SOCIALMEDIA,335,14/03/2024,19,1,5286,1022
4568,27,NEWSLETTER,1,07/09/2024,3,19,86,17
4569,10,NEWSLETTER,23,05/03/2025,3,5,552,103
4570,22,BLOG,446,08/03/2023,15,11,8141,1520
4571,25,BLOG,167,09/10/2024,15,16,7819,1485
4572,20,SOCIALMEDIA,83,20/12/2024,13,10,2144,386
4573,28,VIDEO,77,16/07/2024,19,20,8911,1606
4574,28,NEWSLETTER,0,05/02/2024,8,1,2079,385
4575,3,BLOG,271,14/04/2024,11,8,8883,1803
4576,40,NEWSLETTER,61,21/03/2024,4,13,4655,931
4577,27,NEWSLETTER,30,14/11/2024,15,19,1064,218
4578,16,BLOG,419,06/03/2024,5,4,6606,1298
4579,47,SOCIALMEDIA,39,05/04/2023,9,1,1119,218
4580,10,NEWSLETTER,382,26/12/2023,2,4,8365,1743
4581,49,SOCIALMEDIA,255,06/07/2025,17,17,5955,1093
4582,39,VIDEO,62,06/02/2025,11,13,3998,761
4583,22,SOCIALMEDIA,184,27/08/2024,12,4,4006,815
4584,13,VIDEO,79,11/09/2024,20,2,4973,947
4585,35,BLOG,10,27/03/2025,20,10,788,164
4586,11,SOCIALMEDIA,505,07/01/2024,13,8,6994,1458
4587,22,BLOG,5,07/04/2025,16,16,7141,1410
4588,36,VIDEO,121,20/05/2024,18,8,4661,853
4589,1,NEWSLETTER,3,10/07/2024,7,15,8050,1678
4590,13,BLOG,1,12/04/2025,5,11,1235,231
4591,40,BLOG,594,28/09/2023,6,14,8961,1823
4592,6,SOCIALMEDIA,151,03/01/2025,1,16,2266,467
4593,39,BLOG,68,15/12/2024,2,16,4665,884
4594,35,NEWSLETTER,110,25/08/2024,17,7,5138,953
4595,49,BLOG,505,13/01/2025,6,4,7839,1486
4596,17,BLOG,83,17/08/2023,7,15,2349,460
4597,3,NEWSLETTER,377,01/06/2023,7,16,7470,1546
4598,41,SOCIALMEDIA,352,30/12/2025,17,14,8430,1630
4599,32,NEWSLETTER,4,15/02/2025,20,12,2142,386
4600,3,SOCIALMEDIA,110,06/01/2023,14,5,8299,1612
4601,29,SOCIALMEDIA,156,10/11/2023,16,20,4611,880
4602,20,NEWSLETTER,325,07/02/2023,5,17,4972,955
4603,21,VIDEO,121,18/10/2025,15,14,5618,1142
4604,20,NEWSLETTER,137,16/05/2023,5,17,5670,1054
4605,31,VIDEO,334,24/08/2023,13,20,4938,1020
4606,39,BLOG,103,12/01/2024,15,16,2142,386
4607,38,BLOG,133,14/03/2023,18,9,5776,1120
4608,41,BLOG,69,22/06/2024,3,10,1604,323
4609,41,SOCIALMEDIA,266,18/12/2023,13,3,7166,1422
4610,45,VIDEO,312,16/06/2025,11,13,5123,1007
4611,44,BLOG,28,28/01/2023,15,5,2003,405
4612,4,SOCIALMEDIA,113,13/05/2023,20,13,2948,606
4613,19,VIDEO,74,29/08/2024,18,13,2764,502
4614,45,BLOG,10,28/11/2024,14,10,5761,1168
4615,35,SOCIALMEDIA,246,01/10/2023,6,3,7301,1518
4616,26,SOCIALMEDIA,86,16/02/2024,10,17,5809,1213
4617,47,SOCIALMEDIA,496,19/06/2023,6,6,6974,1457
4618,33,BLOG,44,09/08/2025,5,1,955,193
4619,19,VIDEO,73,24/02/2023,2,8,3195,613
4620,6,VIDEO,103,22/02/2024,5,4,3649,706
4621,24,VIDEO,80,09/03/2025,17,2,3761,704
4622,47,VIDEO,294,28/11/2023,2,7,6731,1331
4623,20,VIDEO,38,23/09/2025,9,14,1354,251
